========================================================================
  直线行驶偏移精细分析报告
========================================================================

  采样点: 127  总时长: 9.98s  行驶距离: 4935.4mm

┌─────────────────────────────────────┐
│  偏移方向:       左偏                  │
│  严重程度: 良好 (5-15mm)              │
│  终点横偏:   +12.94 mm                │
│  yaw均值:    +0.115 deg               │
│  yaw漂率:   -0.0113 deg/s             │
│  横偏漂率:   +2.777 mm/s              │
│  编码器比:   1.0006 (L/R)            │
└─────────────────────────────────────┘

── 分段统计 ──────────────────────────────────────────────────
阶段                 时间    N │    yaw均     yaw漂 │      横偏净      横偏率      最大偏 │   OL均   OR均   hd均 │    hi末 │    Σel    Σer     差
────────────────────────────────────────────────────────────────────────────────────────────────────────────────────────
启动           0.0-2.0s   26 │   -0.52  -0.0503 │    -7.91   -5.847     9.01 │   9.8   8.8 +0.50 │ +0.130 │   1637   1624   +13
早期巡航         2.0-5.0s   37 │   +0.79  +0.0436 │   +20.37   +7.031    13.37 │   9.0   9.7 -0.35 │ -0.140 │   2940   2934    +6
晚期巡航        5.0-11.0s   64 │   -0.02  -0.1729 │    -1.03   -0.264    18.80 │   9.4   9.5 -0.06 │ -0.110 │   4852   4865   -13
全程          0.0-11.0s  127 │   +0.11  -0.0113 │   +12.94   +2.777    18.80 │   9.3   9.4 -0.03 │ -0.110 │   9429   9423    +6

── 逐秒统计 ──────────────────────────────────────────────────
秒     │    yaw     yr │       横偏      Δ横偏 │    OL    OR    hd │     hi │   Σel   Σer  v mm/s
───────────────────────────────────────────────────────────────────────────────────────────────
sec0  │  -0.42 -1.329 │    -2.70    -2.70 │   9.3   8.2 +0.54 │ +0.050 │   541   554   777.6
sec1  │  -0.62 +1.549 │    -7.91    -5.21 │  10.2   9.3 +0.46 │ +0.130 │  1096  1070  1156.6
sec2  │  +0.77 -0.505 │    -1.10    +6.81 │   8.6  10.1 -0.75 │ +0.040 │   969   968  1212.4
sec3  │  +0.67 +0.241 │    +5.10    +6.20 │   9.3   9.5 -0.08 │ -0.030 │   999   989  3982.6
sec4  │  +0.92 -0.588 │   +13.37    +8.27 │   9.2   9.6 -0.23 │ -0.140 │   972   977   818.5
sec5  │  +0.35 -0.644 │   +16.38    +3.01 │   9.4   9.5 -0.09 │ -0.170 │   959   968  5360.9
sec6  │  +0.27 -0.064 │   +18.80    +2.42 │   9.1   9.2 -0.08 │ -0.200 │   989   987   874.6
sec7  │  -0.26 +0.253 │   +16.37    -2.43 │   9.6   9.5 +0.07 │ -0.160 │   999   997  1003.1
sec8  │  -0.10 -0.834 │   +15.43    -0.94 │   9.2   9.8 -0.29 │ -0.140 │   969   957   563.3
sec9  │  -0.27 -1.312 │   +12.94    -2.49 │   9.5   9.3 +0.08 │ -0.110 │   936   956  3819.8

── 起步详细 (前2秒) ──────────────────────────────────────────
  t_ms    yaw      hi  hd   OL   OR    差  pc   el   er     横偏mm
────────────────────────────────────────────────────────────────────
     0   +0.0  +0.000  +0    8    8   +0   2   +0   +0   +0.000
   209   -0.0  +0.000  +0    8    8   +0   2  +30  +30   +0.000
   209   -0.0  +0.000  +0    8    8   +0   3  +47  +48   +0.000
   328   -0.1  +0.000  +0    8    8   +0   4  +64  +66   -0.059
   336   -0.1  +0.000  +0    8    8   +0   4   +7   +8   -0.066
   394   -0.3  +0.000  +0    8    8   +0   6  +28  +30   -0.146
   543   -0.4  +0.010  +0    8    8   +0   7  +70  +71   -0.403
   543   -0.4  +0.010  +2   10    6   +4   8  +18  +20   -0.473
   661   -0.8  +0.010  +1   10    8   +2   9   +6   +7   -0.520
   661   -0.8  +0.020  +1   11    9   +2  10  +75  +76   -1.072
   780   -0.8  +0.030  +1   11    9   +2  10  +89  +91   -1.730
   788   -0.8  +0.040  +1   12   10   +2  11   +6   +6   -1.774
   895   -1.0  +0.050  +1   11    9   +2  10 +101 +101   -2.697
  1013   -1.0  +0.060  +1   10    8   +2   9 +114 +111   -3.725
  1022   -1.0  +0.070  +1   12   10   +2  11   +3   +3   -3.753
  1127   -1.1  +0.080  +1   11    9   +2  10 +109 +117   -4.888
  1246   -1.2  +0.090  +2   11    7   +4   9 +122 +115   -6.188
  1254   -1.2  +0.090  +1   12   10   +2  11   +1   +1   -6.199
  1351   -1.0  +0.100  +0   10   10   +0  10 +115 +104   -7.199
  1540   -0.5  +0.110  -1    8   10   -2   9 +121 +125   -7.761
  1540   -0.5  +0.120  +0    9    9   +0   9  +82  +87   -8.148
  1669   -0.6  +0.130  +1   10    8   +2   9 +115 +107   -8.756
  1677   -0.6  +0.130  +1   11    9   +2  10   +8   +8   -8.800
  1743   -0.4  +0.130  +0   11   11   +0  11  +61  +54   -9.010
  1961   +0.5  +0.140  +0   10   10   +0  10 +126 +123   -8.441
  1961   +0.5  +0.130  -1    8   10   -2   9 +119 +115   -7.907
