Opened COM18 @ 115200, wait 0.80s...
Pre-drain: lines=4 bytes=1128

>>> #SDUMP!
RX: lines=138 bytes=14267 ok=True err=False
BNO tick=183631 run=0 y=7.254 yr=0.199 q0=0.00153 q1=0.01843 q2=0.99982 q3=-0.00525 who=0x85 addr=0x4A paddr=0x4A st=6 pwho=0xF8 sfa=0x00 sla=0x00 shc=0 ch=3 rid=0x08 len=17 txch=2 txlen=21 wfail=0 scl=1 sda=1 rst=1 int=0 iok=526 if=0 rx=336 txd=0
HB tick=183633 run=0 spd=2 ts=0.000 as=0.000 ta=0.000 aa=0.000 se=0.000 so=0.000 ae=0.000 ao=0.000 pwm=0 y=7.254 yr=0.199 L=0 R=0 OL=0 OR=0 el=0 er=0 ed=0 dl=0 dr=0 cl=0 cr=0 dz=10 dzl=11 dzr=11 dzt=1.000 sbf=2 sbo=0 sbv=36.000 siv=18.000 hdt=800 ok=525 fail=0 vofa=firewater rx=336 txdrop=0
SDUMP_BEGIN
FIELDS:t_ms,run,imuValid,yaw100,yawRate100,icmYaw100,icmYawRate100,yawSampleAgeMs,targetYaw100,actualAngle100,yawErr100,yawOut100,speedTarget10,actualSpeed10,speedErr10,speedOut10,pwmCore,headingDiff,startupBiasOut,leftPWM,rightPWM,outLeftPWM,outRightPWM,el,er,ed,dl,dr
SD 10,1,1,0,0,0,0,10,0,0,0,0,400,0,400,40,24,0,2,26,26,37,37,0,0,0,0,0
SD 15,1,1,0,0,0,0,15,0,0,0,0,400,0,400,40,24,0,2,26,26,37,37,0,0,0,0,0
SD 20,1,1,0,0,0,0,20,0,0,0,0,400,40,360,36,22,0,2,24,24,35,35,4,4,0,4,4
SD 25,1,1,0,0,0,0,25,0,0,0,0,400,40,360,36,22,0,2,24,24,35,35,4,4,0,4,4
SD 30,1,1,0,0,0,0,30,0,0,0,0,400,130,270,27,16,0,1,17,17,28,28,13,13,0,13,13
SD 35,1,1,0,0,0,0,35,0,0,0,0,400,130,270,27,16,0,1,17,17,28,28,13,13,0,13,13
SD 40,1,1,0,0,0,0,40,0,0,0,0,400,170,230,23,14,0,1,15,15,26,26,17,17,0,17,17
SD 45,1,1,0,0,0,0,45,0,0,0,0,400,170,230,23,14,0,1,15,15,26,26,17,17,0,17,17
SD 50,1,1,0,0,0,0,50,0,0,0,0,400,180,220,22,13,0,1,14,14,25,25,18,18,0,18,18
SD 55,1,1,0,0,0,0,55,0,0,0,0,400,180,220,22,13,0,1,14,14,25,25,18,18,0,18,18
SD 60,1,1,0,0,0,0,60,0,0,0,0,400,175,225,22,14,0,1,15,15,26,26,18,17,1,18,17
SD 65,1,1,0,0,0,0,65,0,0,0,0,400,175,225,22,14,0,1,15,15,26,26,18,17,1,18,17
SD 70,1,1,0,0,0,0,70,0,0,0,0,400,185,215,21,13,0,1,14,14,25,25,19,18,1,19,18
SD 75,1,1,0,0,0,0,75,0,0,0,0,400,185,215,21,13,0,1,14,14,25,25,19,18,1,19,18
SD 80,1,1,0,0,0,0,80,0,0,0,0,400,190,210,21,13,0,1,14,14,25,25,19,19,0,19,19
SD 85,1,1,0,0,0,0,85,0,0,0,0,400,190,210,21,13,0,1,14,14,25,25,19,19,0,19,19
SD 90,1,1,0,0,0,0,90,0,0,0,0,400,185,215,21,13,0,1,14,14,25,25,18,19,-1,18,19
SD 95,1,1,0,0,0,0,95,0,0,0,0,400,185,215,21,13,0,1,14,14,25,25,18,19,-1,18,19
SD 100,1,1,0,0,0,0,100,0,0,0,0,400,190,210,21,13,0,1,14,14,25,25,18,20,-2,18,20
SD 105,1,1,0,0,0,0,105,0,0,0,0,400,190,210,21,13,0,1,14,14,25,25,18,20,-2,18,20
SD 110,1,1,0,0,0,0,110,0,0,0,0,400,185,215,21,13,0,1,14,14,25,25,18,19,-1,18,19
SD 115,1,1,0,0,0,0,115,0,0,0,0,400,185,215,21,13,0,1,14,14,25,25,18,19,-1,18,19
SD 120,1,1,0,0,0,0,120,0,0,0,0,400,190,210,21,13,0,1,14,14,25,25,18,20,-2,18,20
SD 125,1,1,0,0,0,0,125,0,0,0,0,400,190,210,21,13,0,1,14,14,25,25,18,20,-2,18,20
SD 130,1,1,0,0,0,0,130,0,0,0,0,400,195,205,20,12,0,1,13,13,24,24,19,20,-1,19,20
SD 135,1,1,0,0,0,0,135,0,0,0,0,400,195,205,20,12,0,1,13,13,24,24,19,20,-1,19,20
SD 140,1,1,0,0,0,0,140,0,0,0,0,400,210,190,19,12,0,1,13,13,24,24,21,21,0,21,21
SD 145,1,1,0,0,0,0,145,0,0,0,0,400,210,190,19,12,0,1,13,13,24,24,21,21,0,21,21
SD 150,1,1,0,0,0,0,150,0,0,0,0,400,210,190,19,12,0,1,13,13,24,24,21,21,0,21,21
SD 155,1,1,0,0,0,0,155,0,0,0,0,400,210,190,19,12,0,1,13,13,24,24,21,21,0,21,21
SD 160,1,1,0,0,0,0,160,0,0,0,0,400,220,180,18,11,0,1,12,12,23,23,22,22,0,22,22
SD 165,1,1,0,0,0,0,165,0,0,0,0,400,220,180,18,11,0,1,12,12,23,23,22,22,0,22,22
SD 170,1,1,0,0,0,0,170,0,0,0,0,400,220,180,18,11,0,1,12,12,23,23,23,21,2,23,21
SD 175,1,1,0,0,0,0,175,0,0,0,0,400,220,180,18,11,0,1,12,12,23,23,23,21,2,23,21
SD 180,1,1,0,0,0,0,180,0,0,0,0,400,235,165,16,10,0,1,11,11,22,22,24,23,1,24,23
SD 185,1,1,0,0,0,0,185,0,0,0,0,400,235,165,16,10,0,1,11,11,22,22,24,23,1,24,23
SD 190,1,1,0,0,0,0,190,0,0,0,0,400,235,165,16,10,0,1,11,11,22,22,24,23,1,24,23
SD 195,1,1,0,0,0,0,195,0,0,0,0,400,235,165,16,10,0,1,11,11,22,22,24,23,1,24,23
SD 200,1,1,0,0,0,0,200,0,0,0,0,400,245,155,15,9,0,1,10,10,21,21,25,24,1,25,24
SD 205,1,1,0,0,0,0,205,0,0,0,0,400,245,155,15,9,0,1,10,10,21,21,25,24,1,25,24
SD 210,1,1,0,0,0,0,210,0,0,0,0,400,240,160,16,10,0,1,11,11,22,22,24,24,0,24,24
SD 215,1,1,0,0,0,0,215,0,0,0,0,400,240,160,16,10,0,1,11,11,22,22,24,24,0,24,24
SD 220,1,1,0,0,0,0,220,0,0,0,0,400,245,155,15,10,0,1,11,11,22,22,25,24,1,25,24
SD 225,1,1,0,0,0,0,225,0,0,0,0,400,245,155,15,10,0,1,11,11,22,22,25,24,1,25,24
SD 230,1,1,0,0,0,0,230,0,0,0,0,400,245,155,15,10,0,1,11,11,22,22,25,24,1,25,24
SD 235,1,1,0,0,0,0,235,0,0,0,0,400,245,155,15,10,0,1,11,11,22,22,25,24,1,25,24
SD 240,1,1,0,0,0,0,240,0,0,0,0,400,255,145,14,9,0,1,10,10,21,21,26,25,1,26,25
SD 245,1,1,0,0,0,0,245,0,0,0,0,400,255,145,14,9,0,1,10,10,21,21,26,25,1,26,25
SD 250,1,1,0,0,0,0,250,0,0,0,0,400,245,155,15,10,0,1,11,11,22,22,25,24,1,25,24
SD 255,1,1,0,0,0,0,255,0,0,0,0,400,245,155,15,10,0,1,11,11,22,22,25,24,1,25,24
SD 260,1,1,0,0,0,0,260,0,0,0,0,400,245,155,15,10,0,1,11,11,22,22,25,24,1,25,24
SD 265,1,1,0,0,0,0,265,0,0,0,0,400,245,155,15,10,0,1,11,11,22,22,25,24,1,25,24
SD 270,1,1,0,0,0,0,270,0,0,0,0,400,255,145,14,9,0,1,10,10,21,21,26,25,1,26,25
SD 275,1,1,0,0,0,0,275,0,0,0,0,400,255,145,14,9,0,1,10,10,21,21,26,25,1,26,25
SD 280,1,1,0,0,0,0,280,0,0,0,0,400,260,140,14,9,0,1,10,10,21,21,26,26,0,26,26
SD 285,1,1,0,0,0,0,285,0,0,0,0,400,260,140,14,9,0,1,10,10,21,21,26,26,0,26,26
SD 290,1,1,0,0,0,0,290,0,0,0,0,400,255,145,14,9,0,1,10,10,21,21,26,25,1,26,25
SD 295,1,1,0,0,0,0,295,0,0,0,0,400,255,145,14,9,0,1,10,10,21,21,26,25,1,26,25
SD 300,1,1,0,0,0,0,300,0,0,0,0,400,255,145,15,9,0,1,10,10,21,21,27,24,3,27,24
SD 305,1,1,0,0,0,0,305,0,0,0,0,400,255,145,15,9,0,1,10,10,21,21,27,24,3,27,24
SD 310,1,1,0,0,0,0,310,0,0,0,0,400,255,145,15,9,0,1,10,10,21,21,26,25,1,26,25
SD 315,1,1,0,0,0,0,315,0,0,0,0,400,255,145,15,9,0,1,10,10,21,21,26,25,1,26,25
SD 320,1,1,0,0,0,0,320,0,0,0,0,400,265,135,14,8,0,1,9,9,20,20,27,26,1,27,26
SD 325,1,1,0,0,0,0,325,0,0,0,0,400,265,135,14,8,0,1,9,9,20,20,27,26,1,27,26
SD 330,1,1,0,0,0,0,330,0,0,0,0,400,255,145,15,9,0,1,10,10,21,21,26,25,1,26,25
SD 335,1,1,0,0,0,0,335,0,0,0,0,400,255,145,15,9,0,1,10,10,21,21,26,25,1,26,25
SD 340,1,1,0,0,0,0,340,0,0,0,0,400,260,140,14,9,0,1,10,10,21,21,27,25,2,27,25
SD 345,1,1,0,0,0,0,345,0,0,0,0,400,260,140,14,9,0,1,10,10,21,21,27,25,2,27,25
SD 350,1,1,0,0,0,0,350,0,0,0,0,400,265,135,14,8,0,1,9,9,20,20,27,26,1,27,26
SD 355,1,1,0,0,0,0,355,0,0,0,0,400,265,135,14,8,0,1,9,9,20,20,27,26,1,27,26
SD 360,1,1,0,0,0,0,360,0,0,0,0,400,260,140,14,9,0,1,10,10,21,21,27,25,2,27,25
SD 365,1,1,0,0,0,0,365,0,0,0,0,400,260,140,14,9,0,1,10,10,21,21,27,25,2,27,25
SD 370,1,1,0,0,0,0,370,0,0,0,0,400,255,145,15,9,0,1,10,10,21,21,26,25,1,26,25
SD 375,1,1,0,0,0,0,375,0,0,0,0,400,255,145,15,9,0,1,10,10,21,21,26,25,1,26,25
SD 380,1,1,0,0,0,0,380,0,0,0,0,400,250,150,15,9,0,1,10,10,21,21,26,24,2,26,24
SD 385,1,1,0,0,0,0,385,0,0,0,0,400,250,150,15,9,0,1,10,10,21,21,26,24,2,26,24
SD 390,1,1,0,0,0,0,390,0,0,0,0,400,230,170,17,11,0,1,12,12,23,23,23,23,0,23,23
SD 395,1,1,0,0,0,0,395,0,0,0,0,400,230,170,17,11,0,1,12,12,23,23,23,23,0,23,23
SD 400,1,1,0,0,0,0,400,0,0,0,0,400,235,165,17,10,0,1,11,11,22,22,24,23,1,24,23
SD 405,1,1,0,0,0,0,405,0,0,0,0,400,235,165,17,10,0,1,11,11,22,22,24,23,1,24,23
SD 410,1,1,0,0,0,0,410,0,0,0,0,400,240,160,16,10,0,1,11,11,22,22,25,23,2,25,23
SD 415,1,1,0,0,0,0,415,0,0,0,0,400,240,160,16,10,0,1,11,11,22,22,25,23,2,25,23
SD 420,1,1,0,0,0,0,420,0,0,0,0,400,265,135,14,9,0,1,10,10,21,21,27,26,1,27,26
SD 425,1,1,0,0,0,0,425,0,0,0,0,400,265,135,14,9,0,1,10,10,21,21,27,26,1,27,26
SD 430,1,1,0,0,0,0,430,0,0,0,0,400,260,140,14,9,0,1,10,10,21,21,27,25,2,27,25
SD 435,1,1,261,0,261,0,1,0,261,-261,-31,400,260,140,14,9,0,1,10,10,21,21,27,25,2,27,25
SD 440,1,1,261,0,261,0,6,0,261,-261,-31,400,280,120,12,8,0,0,8,8,19,19,29,27,2,29,27
SD 445,1,1,261,0,261,0,11,0,261,-261,-31,400,280,120,12,8,0,0,8,8,19,19,29,27,2,29,27
SD 450,1,1,261,0,261,0,16,0,261,-261,-31,400,275,125,13,8,0,0,8,8,19,19,29,26,3,29,26
SD 455,1,1,261,0,261,0,21,0,261,-261,-31,400,275,125,13,8,0,0,8,8,19,19,29,26,3,29,26
SD 460,1,1,261,0,261,0,26,0,261,-261,-31,400,260,140,14,9,0,1,10,10,21,21,28,24,4,28,24
SD 465,1,1,261,0,261,0,31,0,261,-261,-31,400,260,140,14,9,0,1,10,10,21,21,28,24,4,28,24
SD 470,1,1,261,0,261,0,36,0,261,-261,-31,400,255,145,15,9,0,1,10,10,21,21,27,24,3,27,24
SD 475,1,1,261,0,261,0,41,0,261,-261,-31,400,255,145,15,9,0,1,10,10,21,21,27,24,3,27,24
SD 480,1,1,261,0,261,0,46,0,261,-261,-31,400,255,145,15,9,0,1,10,10,21,21,26,25,1,26,25
SD 485,1,1,261,0,261,0,51,0,261,-261,-31,400,255,145,15,9,0,1,10,10,21,21,26,25,1,26,25
SD 490,1,1,261,0,261,0,56,0,261,-261,-31,400,255,145,15,9,0,1,10,10,21,21,26,25,1,26,25
SD 495,1,1,261,0,261,0,61,0,261,-261,-31,400,255,145,15,9,0,1,10,10,21,21,26,25,1,26,25
SD 500,1,1,261,0,261,0,66,0,261,-261,-31,400,260,140,14,9,0,1,10,10,21,21,27,25,2,27,25
SD 505,1,1,261,0,261,0,71,0,261,-261,-31,400,260,140,14,9,0,1,10,10,21,21,27,25,2,27,25
SD 510,1,1,261,0,261,0,76,0,261,-261,-31,400,255,145,15,9,0,1,10,10,21,21,26,25,1,26,25
SD 515,1,1,261,0,261,0,81,0,261,-261,-31,400,255,145,15,9,0,1,10,10,21,21,26,25,1,26,25
SD 520,1,1,261,0,261,0,86,0,261,-261,-31,400,265,135,14,9,0,1,10,10,21,21,27,26,1,27,26
SD 525,1,1,261,0,261,0,91,0,261,-261,-31,400,265,135,14,9,0,1,10,10,21,21,27,26,1,27,26
SD 530,1,1,261,0,261,0,96,0,261,-261,-31,400,255,145,15,9,0,1,10,10,21,21,27,24,3,27,24
SD 535,1,1,261,0,261,0,101,0,261,-261,-31,400,255,145,15,9,0,1,10,10,21,21,27,24,3,27,24
SD 540,1,1,261,0,261,0,106,0,261,-261,-31,400,265,135,14,9,0,1,10,10,21,21,27,26,1,27,26
SD 545,1,1,261,0,261,0,111,0,261,-261,-31,400,265,135,14,9,0,1,10,10,21,21,27,26,1,27,26
SD 550,1,1,261,0,261,0,116,0,261,-261,-31,400,260,140,14,9,0,1,10,10,21,21,27,25,2,27,25
SD 555,1,1,261,0,261,0,121,0,261,-261,-31,400,260,140,14,9,0,1,10,10,21,21,27,25,2,27,25
SD 560,1,1,261,0,261,0,126,0,261,-261,-31,400,260,140,14,9,0,1,10,10,21,21,26,26,0,26,26
SD 565,1,1,261,0,261,0,131,0,261,-261,-31,400,260,140,14,9,0,1,10,10,21,21,26,26,0,26,26
SD 570,1,1,261,0,261,0,136,0,261,-261,-31,400,260,140,14,9,0,1,10,10,21,21,27,25,2,27,25
SD 575,1,1,261,0,261,0,141,0,261,-261,-31,400,260,140,14,9,0,1,10,10,21,21,27,25,2,27,25
SD 580,1,1,261,0,261,0,146,0,261,-261,-31,400,260,140,14,9,0,1,10,10,21,21,26,26,0,26,26
SD 585,1,1,261,0,261,0,151,0,261,-261,-31,400,260,140,14,9,0,1,10,10,21,21,26,26,0,26,26
SD 590,1,1,261,0,261,0,156,0,261,-261,-31,400,260,140,14,9,0,1,10,10,21,21,27,25,2,27,25
SD 595,1,1,261,0,261,0,161,0,261,-261,-31,400,260,140,14,9,0,1,10,10,21,21,27,25,2,27,25
SD 600,1,1,261,0,261,0,166,0,261,-261,-31,400,270,130,14,8,0,1,9,9,20,20,27,27,0,27,27
SDUMP_END
OK SDUMP
BNO tick=185002 run=0 y=7.254 yr=0.129 q0=0.00153 q1=0.01843 q2=0.99982 q3=-0.00519 who=0x85 addr=0x4A paddr=0x4A st=6 pwho=0xF8 sfa=0x00 sla=0x00 shc=0 ch=3 rid=0x08 len=185 txch=2 txlen=21 wfail=0 scl=1 sda=1 rst=1 int=1 iok=527 if=0 rx=336 txd=0
HB tick=185003 run=0 spd=2 ts=0.000 as=0.000 ta=0.000 aa=0.000 se=0.000 so=0.000 ae=0.000 ao=0.000 pwm=0 y=7.254 yr=0.129 L=0 R=0 OL=0 OR=0 el=0 er=0 ed=0 dl=0 dr=0 cl=0 cr=0 dz=10 dzl=11 dzr=11 dzt=1.000 sbf=2 sbo=0 sbv=36.000 siv=18.000 hdt=800 ok=526 fail=0 vofa=firewater rx=336 txdrop=0
HB tick=185222 run=0 spd=2 ts=0.000 as=0.000 ta=0.000 aa=0.000 se=0.000 so=0.000 ae=0.000 ao=0.000 pwm=0 y=7.241 yr=0.062 L=0 R=0 OL=0 OR=0 el=0 er=0 ed=0 dl=0 dr=0 cl=0 cr=0 dz=10 dzl=11 dzr=11 dzt=1.000 sbf=2 sbo=0 sbv=36.000 siv=18.000 hdt=800 ok=527 fail=0 vofa=firewater rx=336 txdrop=0
HB tick=185635 run=0 spd=2 ts=0.000 as=0.000 ta=0.000 aa=0.000 se=0.000 so=0.000 ae=0.000 ao=0.000 pwm=0 y=7.241 yr=0.041 L=0 R=0 OL=0 OR=0 el=0 er=0 ed=0 dl=0 dr=0 cl=0 cr=0 dz=10 dzl=11 dzr=11 dzt=1.000 sbf=2 sbo=0 sbv=36.000 siv=18.000 hdt=800 ok=528 fail=0 vofa=firewater rx=336 txdrop=0
HB tick=185853 run=0 spd=2 ts=0.000 as=0.000 ta=0.000 aa=0.000 se=0.000 so=0.000 ae=0.000 ao=0.000 pwm=0 y=7.241 yr=0.026 L=0 R=0 OL=0 OR=0 el=0 er=0 ed=0 dl=0 dr=0 cl=0 cr=0 dz=10 dzl=11 dzr=11 dzt=1.000 sbf=2 sbo=0 sbv=36.000 siv=18.000 hdt=800 ok=529 fail=0 vofa=firewater rx=336 txdrop=0
BNO tick=186133 run=0 y=7.241 yr=0.017 q0=0.00146 q1=0.01831 q2=0.99982 q3=-0.00378 who=0x85 addr=0x4A paddr=0x4A st=6 pwho=0xF8 sfa=0x00 sla=0x00 shc=0 ch=3 rid=0x08 len=125 txch=2 txlen=21 wfail=0 scl=1 sda=1 rst=1 int=1 iok=531 if=0 rx=336 txd=0
HB tick=186134 run=0 spd=2 ts=0.000 as=0.000 ta=0.000 aa=0.000 se=0.000 so=0.000 ae=0.000 ao=0.000 pwm=0 y=7.241 yr=0.017 L=0 R=0 OL=0 OR=0 el=0 er=0 ed=0 dl=0 dr=0 cl=0 cr=0 dz=10 dzl=11 dzr=11 dzt=1.000 sbf=2 sbo=0 sbv=36.000 siv=18.000 hdt=800 ok=530 fail=0 vofa=firewater rx=336 txdrop=0
HB tick=186547 run=0 spd=2 ts=0.000 as=0.000 ta=0.000 aa=0.000 se=0.000 so=0.000 ae=0.000 ao=0.000 pwm=0 y=7.240 yr=0.011 L=0 R=0 OL=0 OR=0 el=0 er=0 ed=0 dl=0 dr=0 cl=0 cr=0 dz=10 dzl=11 dzr=11 dzt=1.000 sbf=2 sbo=0 sbv=36.000 siv=18.000 hdt=800 ok=531 fail=0 vofa=firewater rx=336 txdrop=0
HB tick=186764 run=0 spd=2 ts=0.000 as=0.000 ta=0.000 aa=0.000 se=0.000 so=0.000 ae=0.000 ao=0.000 pwm=0 y=7.240 yr=0.007 L=0 R=0 OL=0 OR=0 el=0 er=0 ed=0 dl=0 dr=0 cl=0 cr=0 dz=10 dzl=11 dzr=11 dzt=1.000 sbf=2 sbo=0 sbv=36.000 siv=18.000 hdt=800 ok=532 fail=0 vofa=firewater rx=336 txdrop=0
HB tick=187096 run=0 spd=2 ts=0.000 as=0.000 ta=0.000 aa=0.000 se=0.000 so=0.000 ae=0.000 ao=0.000 pwm=0 y=7.241 yr=0.005 L=0 R=0 OL=0 OR=0 el=0 er=0 ed=0 dl=0 dr=0 cl=0 cr=0 dz=10 dzl=11 dzr=11 dzt=1.000 sbf=2 sbo=0 sbv=36.000 siv=18.000 hdt=800 ok=533 fail=0 vofa=firewater rx=336 txdrop=0
BNO tick=187476 run=0 y=7.241 yr=0.003 q0=0.00153 q1=0.01831 q2=0.99982 q3=-0.00372 who=0x85 addr=0x4A paddr=0x4A st=6 pwho=0xF8 sfa=0x00 sla=0x00 shc=0 ch=3 rid=0x08 len=29 txch=2 txlen=21 wfail=0 scl=1 sda=1 rst=1 int=1 iok=535 if=0 rx=336 txd=0
HB tick=187477 run=0 spd=2 ts=0.000 as=0.000 ta=0.000 aa=0.000 se=0.000 so=0.000 ae=0.000 ao=0.000 pwm=0 y=7.241 yr=0.003 L=0 R=0 OL=0 OR=0 el=0 er=0 ed=0 dl=0 dr=0 cl=0 cr=0 dz=10 dzl=11 dzr=11 dzt=1.000 sbf=2 sbo=0 sbv=36.000 siv=18.000 hdt=800 ok=534 fail=0 vofa=firewater rx=336 txdrop=0
HB tick=187826 run=0 spd=2 ts=0.000 as=0.000 ta=0.000 aa=0.000 se=0.000 so=0.000 ae=0.000 ao=0.000 pwm=0 y=7.241 yr=0.002 L=0 R=0 OL=0 OR=0 el=0 er=0 ed=0 dl=0 dr=0 cl=0 cr=0 dz=10 dzl=11 dzr=11 dzt=1.000 sbf=2 sbo=0 sbv=36.000 siv=18.000 hdt=800 ok=535 fail=0 vofa=firewater rx=336 txdrop=0
