Opened COM18 @ 115200, wait 0.80s...
Pre-drain: lines=4 bytes=1132

>>> #SDUMP!
RX: lines=137 bytes=13900 ok=True err=False
SDUMP_BEGIN
FIELDS:t_ms,run,imuValid,yaw100,yawRate100,icmYaw100,icmYawRate100,yawSampleAgeMs,targetYaw100,actualAngle100,yawErr100,yawOut100,speedTarget10,actualSpeed10,speedErr10,speedOut10,pwmCore,headingDiff,startupBiasOut,leftPWM,rightPWM,outLeftPWM,outRightPWM,el,er,ed,dl,dr
SD 9,1,1,0,0,0,0,10,0,0,0,0,400,0,400,40,24,0,2,26,26,37,37,0,0,0,0,0
SD 14,1,1,0,0,0,0,15,0,0,0,0,400,0,400,40,24,0,2,26,26,37,37,0,0,0,0,0
SD 19,1,1,0,0,0,0,20,0,0,0,0,400,35,365,36,22,0,2,24,24,35,35,4,3,1,4,3
SD 24,1,1,0,0,0,0,25,0,0,0,0,400,35,365,36,22,0,2,24,24,35,35,4,3,1,4,3
SD 29,1,1,0,0,0,0,30,0,0,0,0,400,120,280,28,17,0,1,18,18,29,29,11,13,-2,11,13
SD 34,1,1,0,0,0,0,35,0,0,0,0,400,120,280,28,17,0,1,18,18,29,29,11,13,-2,11,13
SD 39,1,1,0,0,0,0,40,0,0,0,0,400,165,235,23,14,0,1,15,15,26,26,16,17,-1,16,17
SD 44,1,1,0,0,0,0,45,0,0,0,0,400,165,235,23,14,0,1,15,15,26,26,16,17,-1,16,17
SD 49,1,1,0,0,0,0,50,0,0,0,0,400,185,215,21,13,0,1,14,14,25,25,18,19,-1,18,19
SD 54,1,1,0,0,0,0,55,0,0,0,0,400,185,215,21,13,0,1,14,14,25,25,18,19,-1,18,19
SD 59,1,1,0,0,0,0,60,0,0,0,0,400,190,210,21,13,0,1,14,14,25,25,18,20,-2,18,20
SD 64,1,1,0,0,0,0,65,0,0,0,0,400,190,210,21,13,0,1,14,14,25,25,18,20,-2,18,20
SD 69,1,1,0,0,0,0,70,0,0,0,0,400,190,210,21,13,0,1,14,14,25,25,18,20,-2,18,20
SD 74,1,1,0,0,0,0,75,0,0,0,0,400,190,210,21,13,0,1,14,14,25,25,18,20,-2,18,20
SD 79,1,1,0,0,0,0,80,0,0,0,0,400,185,215,21,13,0,1,14,14,25,25,19,18,1,19,18
SD 84,1,1,0,0,0,0,85,0,0,0,0,400,185,215,21,13,0,1,14,14,25,25,19,18,1,19,18
SD 89,1,1,0,0,0,0,90,0,0,0,0,400,195,205,20,12,0,1,13,13,24,24,20,19,1,20,19
SD 94,1,1,0,0,0,0,95,0,0,0,0,400,195,205,20,12,0,1,13,13,24,24,20,19,1,20,19
SD 99,1,1,0,0,0,0,100,0,0,0,0,400,190,210,21,13,0,1,14,14,25,25,20,18,2,20,18
SD 104,1,1,0,0,0,0,105,0,0,0,0,400,190,210,21,13,0,1,14,14,25,25,20,18,2,20,18
SD 109,1,1,0,0,0,0,110,0,0,0,0,400,180,220,22,13,0,1,14,14,25,25,20,16,4,20,16
SD 114,1,1,0,0,0,0,115,0,0,0,0,400,180,220,22,13,0,1,14,14,25,25,20,16,4,20,16
SD 119,1,1,0,0,0,0,120,0,0,0,0,400,180,220,22,13,0,1,14,14,25,25,19,17,2,19,17
SD 124,1,1,0,0,0,0,125,0,0,0,0,400,180,220,22,13,0,1,14,14,25,25,19,17,2,19,17
SD 129,1,1,0,0,0,0,130,0,0,0,0,400,190,210,21,13,0,1,14,14,25,25,19,19,0,19,19
SD 134,1,1,0,0,0,0,135,0,0,0,0,400,190,210,21,13,0,1,14,14,25,25,19,19,0,19,19
SD 139,1,1,0,0,0,0,140,0,0,0,0,400,190,210,21,13,0,1,14,14,25,25,20,18,2,20,18
SD 144,1,1,0,0,0,0,145,0,0,0,0,400,190,210,21,13,0,1,14,14,25,25,20,18,2,20,18
SD 149,1,1,0,0,0,0,150,0,0,0,0,400,205,195,19,12,0,1,13,13,24,24,21,20,1,21,20
SD 154,1,1,0,0,0,0,155,0,0,0,0,400,205,195,19,12,0,1,13,13,24,24,21,20,1,21,20
SD 159,1,1,0,0,0,0,160,0,0,0,0,400,215,185,18,11,0,1,12,12,23,23,22,21,1,22,21
SD 164,1,1,0,0,0,0,165,0,0,0,0,400,215,185,18,11,0,1,12,12,23,23,22,21,1,22,21
SD 169,1,1,0,0,0,0,170,0,0,0,0,400,220,180,18,11,0,1,12,12,23,23,22,22,0,22,22
SD 174,1,1,0,0,0,0,175,0,0,0,0,400,220,180,18,11,0,1,12,12,23,23,22,22,0,22,22
SD 179,1,1,0,0,0,0,180,0,0,0,0,400,220,180,18,11,0,1,12,12,23,23,23,21,2,23,21
SD 184,1,1,0,0,0,0,185,0,0,0,0,400,220,180,18,11,0,1,12,12,23,23,23,21,2,23,21
SD 189,1,1,0,0,0,0,190,0,0,0,0,400,230,170,17,10,0,1,11,11,22,22,23,23,0,23,23
SD 194,1,1,0,0,0,0,195,0,0,0,0,400,230,170,17,10,0,1,11,11,22,22,23,23,0,23,23
SD 199,1,1,0,0,0,0,200,0,0,0,0,400,240,160,16,10,0,1,11,11,22,22,25,23,2,25,23
SD 204,1,1,0,0,0,0,205,0,0,0,0,400,240,160,16,10,0,1,11,11,22,22,25,23,2,25,23
SD 209,1,1,0,0,0,0,210,0,0,0,0,400,240,160,16,10,0,1,11,11,22,22,24,24,0,24,24
SD 214,1,1,0,0,0,0,215,0,0,0,0,400,240,160,16,10,0,1,11,11,22,22,24,24,0,24,24
SD 219,1,1,0,0,0,0,220,0,0,0,0,400,235,165,16,10,0,1,11,11,22,22,24,23,1,24,23
SD 224,1,1,0,0,0,0,225,0,0,0,0,400,235,165,16,10,0,1,11,11,22,22,24,23,1,24,23
SD 229,1,1,0,0,0,0,230,0,0,0,0,400,245,155,15,10,0,1,11,11,22,22,25,24,1,25,24
SD 234,1,1,0,0,0,0,235,0,0,0,0,400,245,155,15,10,0,1,11,11,22,22,25,24,1,25,24
SD 239,1,1,0,0,0,0,240,0,0,0,0,400,250,150,15,9,0,1,10,10,21,21,25,25,0,25,25
SD 244,1,1,0,0,0,0,245,0,0,0,0,400,250,150,15,9,0,1,10,10,21,21,25,25,0,25,25
SD 249,1,1,0,0,0,0,250,0,0,0,0,400,250,150,15,9,0,1,10,10,21,21,25,25,0,25,25
SD 254,1,1,0,0,0,0,255,0,0,0,0,400,250,150,15,9,0,1,10,10,21,21,25,25,0,25,25
SD 259,1,1,0,0,0,0,260,0,0,0,0,400,250,150,15,9,0,1,10,10,21,21,25,25,0,25,25
SD 264,1,1,0,0,0,0,265,0,0,0,0,400,250,150,15,9,0,1,10,10,21,21,25,25,0,25,25
SD 269,1,1,0,0,0,0,270,0,0,0,0,400,255,145,15,9,0,1,10,10,21,21,25,26,-1,25,26
SD 274,1,1,0,0,0,0,275,0,0,0,0,400,255,145,15,9,0,1,10,10,21,21,25,26,-1,25,26
SD 279,1,1,0,0,0,0,280,0,0,0,0,400,255,145,15,9,0,1,10,10,21,21,26,25,1,26,25
SD 284,1,1,0,0,0,0,285,0,0,0,0,400,255,145,15,9,0,1,10,10,21,21,26,25,1,26,25
SD 289,1,1,0,0,0,0,290,0,0,0,0,400,255,145,15,9,0,1,10,10,21,21,26,25,1,26,25
SD 294,1,1,0,0,0,0,295,0,0,0,0,400,255,145,15,9,0,1,10,10,21,21,26,25,1,26,25
SD 299,1,1,0,0,0,0,300,0,0,0,0,400,260,140,14,9,0,1,10,10,21,21,26,26,0,26,26
SD 304,1,1,0,0,0,0,305,0,0,0,0,400,260,140,14,9,0,1,10,10,21,21,26,26,0,26,26
SD 309,1,1,0,0,0,0,310,0,0,0,0,400,250,150,15,9,0,1,10,10,21,21,25,25,0,25,25
SD 314,1,1,0,0,0,0,315,0,0,0,0,400,250,150,15,9,0,1,10,10,21,21,25,25,0,25,25
SD 319,1,1,0,0,0,0,320,0,0,0,0,400,260,140,14,9,0,1,10,10,21,21,26,26,0,26,26
SD 324,1,1,0,0,0,0,325,0,0,0,0,400,260,140,14,9,0,1,10,10,21,21,26,26,0,26,26
SD 329,1,1,0,0,0,0,330,0,0,0,0,400,260,140,14,9,0,1,10,10,21,21,26,26,0,26,26
SD 334,1,1,0,0,0,0,335,0,0,0,0,400,260,140,14,9,0,1,10,10,21,21,26,26,0,26,26
SD 339,1,1,0,0,0,0,340,0,0,0,0,400,255,145,15,9,0,1,10,10,21,21,26,25,1,26,25
SD 344,1,1,0,0,0,0,345,0,0,0,0,400,255,145,15,9,0,1,10,10,21,21,26,25,1,26,25
SD 349,1,1,0,0,0,0,350,0,0,0,0,400,265,135,14,8,0,1,9,9,20,20,27,26,1,27,26
SD 354,1,1,0,0,0,0,355,0,0,0,0,400,265,135,14,8,0,1,9,9,20,20,27,26,1,27,26
SD 359,1,1,0,0,0,0,360,0,0,0,0,400,255,145,15,9,0,1,10,10,21,21,26,25,1,26,25
SD 364,1,1,0,0,0,0,365,0,0,0,0,400,255,145,15,9,0,1,10,10,21,21,26,25,1,26,25
SD 369,1,1,0,0,0,0,370,0,0,0,0,400,260,140,14,9,0,1,10,10,21,21,26,26,0,26,26
SD 374,1,1,0,0,0,0,375,0,0,0,0,400,260,140,14,9,0,1,10,10,21,21,26,26,0,26,26
SD 379,1,1,0,0,0,0,380,0,0,0,0,400,265,135,14,9,0,1,10,10,21,21,27,26,1,27,26
SD 384,1,1,0,0,0,0,385,0,0,0,0,400,265,135,14,9,0,1,10,10,21,21,27,26,1,27,26
SD 389,1,1,0,0,0,0,390,0,0,0,0,400,260,140,14,9,0,1,10,10,21,21,26,26,0,26,26
SD 394,1,1,0,0,0,0,395,0,0,0,0,400,260,140,14,9,0,1,10,10,21,21,26,26,0,26,26
SD 399,1,1,0,0,0,0,400,0,0,0,0,400,265,135,14,9,0,1,10,10,21,21,27,26,1,27,26
SD 404,1,1,0,0,0,0,405,0,0,0,0,400,265,135,14,9,0,1,10,10,21,21,27,26,1,27,26
SD 409,1,1,62,0,62,0,4,0,62,-62,-7,400,255,145,15,9,0,1,10,10,21,21,26,25,1,26,25
SD 414,1,1,62,0,62,0,9,0,62,-62,-7,400,255,145,15,9,0,1,10,10,21,21,26,25,1,26,25
SD 419,1,1,62,0,62,0,14,0,62,-62,-7,400,265,135,14,9,0,1,10,10,21,21,26,27,-1,26,27
SD 424,1,1,62,0,62,0,19,0,62,-62,-7,400,265,135,14,9,0,1,10,10,21,21,26,27,-1,26,27
SD 429,1,1,62,0,62,0,24,0,62,-62,-7,400,255,145,15,9,0,1,10,10,21,21,26,25,1,26,25
SD 434,1,1,62,0,62,0,29,0,62,-62,-7,400,255,145,15,9,0,1,10,10,21,21,26,25,1,26,25
SD 439,1,1,62,0,62,0,34,0,62,-62,-7,400,265,135,14,9,0,1,10,10,21,21,26,27,-1,26,27
SD 444,1,1,62,0,62,0,39,0,62,-62,-7,400,265,135,14,9,0,1,10,10,21,21,26,27,-1,26,27
SD 449,1,1,62,0,62,0,44,0,62,-62,-7,400,260,140,14,9,0,1,10,10,21,21,26,26,0,26,26
SD 454,1,1,62,0,62,0,49,0,62,-62,-7,400,260,140,14,9,0,1,10,10,21,21,26,26,0,26,26
SD 459,1,1,62,0,62,0,54,0,62,-62,-7,400,265,135,14,9,0,1,10,10,21,21,27,26,1,27,26
SD 464,1,1,62,0,62,0,59,0,62,-62,-7,400,265,135,14,9,0,1,10,10,21,21,27,26,1,27,26
SD 469,1,1,62,0,62,0,64,0,62,-62,-7,400,265,135,14,9,0,1,10,10,21,21,26,27,-1,26,27
SD 474,1,1,62,0,62,0,69,0,62,-62,-7,400,265,135,14,9,0,1,10,10,21,21,26,27,-1,26,27
SD 479,1,1,62,0,62,0,74,0,62,-62,-7,400,260,140,14,9,0,1,10,10,21,21,26,26,0,26,26
SD 484,1,1,62,0,62,0,79,0,62,-62,-7,400,260,140,14,9,0,1,10,10,21,21,26,26,0,26,26
SD 489,1,1,62,0,62,0,84,0,62,-62,-7,400,260,140,14,9,0,1,10,10,21,21,26,26,0,26,26
SD 494,1,1,62,0,62,0,89,0,62,-62,-7,400,260,140,14,9,0,1,10,10,21,21,26,26,0,26,26
SD 499,1,1,62,0,62,0,94,0,62,-62,-7,400,260,140,14,9,0,1,10,10,21,21,26,26,0,26,26
SD 504,1,1,62,0,62,0,99,0,62,-62,-7,400,260,140,14,9,0,1,10,10,21,21,26,26,0,26,26
SD 509,1,1,62,0,62,0,104,0,62,-62,-7,400,255,145,15,9,0,1,10,10,21,21,26,25,1,26,25
SD 514,1,1,62,0,62,0,109,0,62,-62,-7,400,255,145,15,9,0,1,10,10,21,21,26,25,1,26,25
SD 519,1,1,62,0,62,0,114,0,62,-62,-7,400,265,135,14,9,0,1,10,10,21,21,27,26,1,27,26
SD 524,1,1,62,0,62,0,119,0,62,-62,-7,400,265,135,14,9,0,1,10,10,21,21,27,26,1,27,26
SD 529,1,1,62,0,62,0,124,0,62,-62,-7,400,265,135,14,9,0,1,10,10,21,21,27,26,1,27,26
SD 534,1,1,62,0,62,0,129,0,62,-62,-7,400,265,135,14,9,0,1,10,10,21,21,27,26,1,27,26
SD 539,1,1,62,0,62,0,134,0,62,-62,-7,400,260,140,14,9,0,1,10,10,21,21,27,25,2,27,25
SD 544,1,1,62,0,62,0,139,0,62,-62,-7,400,260,140,14,9,0,1,10,10,21,21,27,25,2,27,25
SD 549,1,1,62,0,62,0,144,0,62,-62,-7,400,255,145,15,9,0,1,10,10,21,21,26,25,1,26,25
SD 554,1,1,62,0,62,0,149,0,62,-62,-7,400,255,145,15,9,0,1,10,10,21,21,26,25,1,26,25
SD 559,1,1,62,0,62,0,154,0,62,-62,-7,400,260,140,15,9,0,1,10,10,21,21,26,26,0,26,26
SD 564,1,1,62,0,62,0,159,0,62,-62,-7,400,260,140,15,9,0,1,10,10,21,21,26,26,0,26,26
SD 569,1,1,62,0,62,0,164,0,62,-62,-7,400,255,145,15,9,0,1,10,10,21,21,26,25,1,26,25
SD 574,1,1,62,0,62,0,169,0,62,-62,-7,400,255,145,15,9,0,1,10,10,21,21,26,25,1,26,25
SD 579,1,1,62,0,62,0,174,0,62,-62,-7,400,260,140,15,9,0,1,10,10,21,21,27,25,2,27,25
SD 584,1,1,62,0,62,0,179,0,62,-62,-7,400,260,140,15,9,0,1,10,10,21,21,27,25,2,27,25
SD 589,1,1,62,0,62,0,184,0,62,-62,-7,400,260,140,15,9,0,1,10,10,21,21,26,26,0,26,26
SD 594,1,1,62,0,62,0,189,0,62,-62,-7,400,260,140,15,9,0,1,10,10,21,21,26,26,0,26,26
SD 599,1,1,62,0,62,0,194,0,62,-62,-7,400,265,135,14,9,0,1,10,10,21,21,27,26,1,27,26
SDUMP_END
OK SDUMP
BNO tick=205022 run=0 y=0.405 yr=-0.234 q0=0.00134 q1=0.05444 q2=0.99847 q3=-0.00647 who=0x85 addr=0x4A paddr=0x4A st=6 pwho=0xF8 sfa=0x00 sla=0x00 shc=0 ch=3 rid=0x08 len=17 txch=2 txlen=21 wfail=0 scl=1 sda=1 rst=1 int=1 iok=578 if=0 rx=372 txd=0
HB tick=205023 run=0 spd=2 ts=0.000 as=0.000 ta=0.000 aa=0.000 se=0.000 so=0.000 ae=0.000 ao=0.000 pwm=0 y=0.405 yr=-0.234 L=0 R=0 OL=0 OR=0 el=0 er=0 ed=0 dl=0 dr=0 cl=0 cr=0 dz=10 dzl=11 dzr=11 dzt=1.000 sbf=2 sbo=0 sbv=36.000 siv=18.000 hdt=800 ok=577 fail=0 vofa=firewater rx=372 txdrop=0
HB tick=205242 run=0 spd=2 ts=0.000 as=0.000 ta=0.000 aa=0.000 se=0.000 so=0.000 ae=0.000 ao=0.000 pwm=0 y=0.405 yr=-0.152 L=0 R=0 OL=0 OR=0 el=0 er=0 ed=0 dl=0 dr=0 cl=0 cr=0 dz=10 dzl=11 dzr=11 dzt=1.000 sbf=2 sbo=0 sbv=36.000 siv=18.000 hdt=800 ok=578 fail=0 vofa=firewater rx=372 txdrop=0
HB tick=205573 run=0 spd=2 ts=0.000 as=0.000 ta=0.000 aa=0.000 se=0.000 so=0.000 ae=0.000 ao=0.000 pwm=0 y=0.405 yr=-0.099 L=0 R=0 OL=0 OR=0 el=0 er=0 ed=0 dl=0 dr=0 cl=0 cr=0 dz=10 dzl=11 dzr=11 dzt=1.000 sbf=2 sbo=0 sbv=36.000 siv=18.000 hdt=800 ok=579 fail=0 vofa=firewater rx=372 txdrop=0
HB tick=205954 run=0 spd=2 ts=0.000 as=0.000 ta=0.000 aa=0.000 se=0.000 so=0.000 ae=0.000 ao=0.000 pwm=0 y=0.398 yr=-0.071 L=0 R=0 OL=0 OR=0 el=0 er=0 ed=0 dl=0 dr=0 cl=0 cr=0 dz=10 dzl=11 dzr=11 dzt=1.000 sbf=2 sbo=0 sbv=36.000 siv=18.000 hdt=800 ok=580 fail=0 vofa=firewater rx=372 txdrop=0
BNO tick=206345 run=0 y=0.398 yr=-0.046 q0=0.00159 q1=0.05438 q2=0.99847 q3=-0.00610 who=0x85 addr=0x4A paddr=0x4A st=6 pwho=0xF8 sfa=0x00 sla=0x00 shc=0 ch=3 rid=0x08 len=17 txch=2 txlen=21 wfail=0 scl=1 sda=1 rst=1 int=1 iok=582 if=0 rx=372 txd=0
HB tick=206346 run=0 spd=2 ts=0.000 as=0.000 ta=0.000 aa=0.000 se=0.000 so=0.000 ae=0.000 ao=0.000 pwm=0 y=0.398 yr=-0.046 L=0 R=0 OL=0 OR=0 el=0 er=0 ed=0 dl=0 dr=0 cl=0 cr=0 dz=10 dzl=11 dzr=11 dzt=1.000 sbf=2 sbo=0 sbv=36.000 siv=18.000 hdt=800 ok=581 fail=0 vofa=firewater rx=372 txdrop=0
HB tick=206565 run=0 spd=2 ts=0.000 as=0.000 ta=0.000 aa=0.000 se=0.000 so=0.000 ae=0.000 ao=0.000 pwm=0 y=0.398 yr=-0.030 L=0 R=0 OL=0 OR=0 el=0 er=0 ed=0 dl=0 dr=0 cl=0 cr=0 dz=10 dzl=11 dzr=11 dzt=1.000 sbf=2 sbo=0 sbv=36.000 siv=18.000 hdt=800 ok=582 fail=0 vofa=firewater rx=372 txdrop=0
HB tick=206896 run=0 spd=2 ts=0.000 as=0.000 ta=0.000 aa=0.000 se=0.000 so=0.000 ae=0.000 ao=0.000 pwm=0 y=0.398 yr=-0.019 L=0 R=0 OL=0 OR=0 el=0 er=0 ed=0 dl=0 dr=0 cl=0 cr=0 dz=10 dzl=11 dzr=11 dzt=1.000 sbf=2 sbo=0 sbv=36.000 siv=18.000 hdt=800 ok=583 fail=0 vofa=firewater rx=372 txdrop=0
HB tick=207276 run=0 spd=2 ts=0.000 as=0.000 ta=0.000 aa=0.000 se=0.000 so=0.000 ae=0.000 ao=0.000 pwm=0 y=0.398 yr=-0.013 L=0 R=0 OL=0 OR=0 el=0 er=0 ed=0 dl=0 dr=0 cl=0 cr=0 dz=10 dzl=11 dzr=11 dzt=1.000 sbf=2 sbo=0 sbv=36.000 siv=18.000 hdt=800 ok=584 fail=0 vofa=firewater rx=372 txdrop=0
BNO tick=207667 run=0 y=2.033 yr=1.455 q0=0.00470 q1=0.06854 q2=0.99750 q3=0.01617 who=0x85 addr=0x4A paddr=0x4A st=6 pwho=0xF8 sfa=0x00 sla=0x00 shc=0 ch=3 rid=0x08 len=17 txch=2 txlen=21 wfail=0 scl=1 sda=1 rst=1 int=1 iok=586 if=0 rx=372 txd=0
HB tick=207668 run=0 spd=2 ts=0.000 as=0.000 ta=0.000 aa=0.000 se=0.000 so=0.000 ae=0.000 ao=0.000 pwm=0 y=2.033 yr=1.455 L=0 R=0 OL=0 OR=0 el=3 er=0 ed=3 dl=3 dr=0 cl=0 cr=0 dz=10 dzl=11 dzr=11 dzt=1.000 sbf=2 sbo=0 sbv=36.000 siv=18.000 hdt=800 ok=585 fail=0 vofa=firewater rx=372 txdrop=0
HB tick=207887 run=0 spd=2 ts=0.000 as=0.000 ta=0.000 aa=0.000 se=0.000 so=0.000 ae=0.000 ao=0.000 pwm=0 y=2.574 yr=1.806 L=0 R=0 OL=0 OR=0 el=0 er=0 ed=0 dl=0 dr=0 cl=0 cr=0 dz=10 dzl=11 dzr=11 dzt=1.000 sbf=2 sbo=0 sbv=36.000 siv=18.000 hdt=800 ok=586 fail=0 vofa=firewater rx=372 txdrop=0
HB tick=208219 run=0 spd=2 ts=0.000 as=0.000 ta=0.000 aa=0.000 se=0.000 so=0.000 ae=0.000 ao=0.000 pwm=0 y=-9.603 yr=-11.663 L=0 R=0 OL=0 OR=0 el=0 er=0 ed=0 dl=0 dr=0 cl=0 cr=0 dz=10 dzl=11 dzr=11 dzt=1.000 sbf=2 sbo=0 sbv=36.000 siv=18.000 hdt=800 ok=587 fail=0 vofa=firewater rx=372 txdrop=0
