Opened COM18 @ 115200, wait 0.80s...
Pre-drain: lines=4 bytes=1127

>>> #SDUMP!
RX: lines=137 bytes=13836 ok=True err=False
SDUMP_BEGIN
FIELDS:t_ms,run,imuValid,yaw100,yawRate100,icmYaw100,icmYawRate100,yawSampleAgeMs,targetYaw100,actualAngle100,yawErr100,yawOut100,speedTarget10,actualSpeed10,speedErr10,speedOut10,pwmCore,headingDiff,startupBiasOut,leftPWM,rightPWM,outLeftPWM,outRightPWM,el,er,ed,dl,dr
SD 10,1,1,0,0,0,0,10,0,0,0,0,400,0,400,40,24,0,2,26,26,37,37,0,0,0,0,0
SD 15,1,1,0,0,0,0,15,0,0,0,0,400,0,400,40,24,0,2,26,26,37,37,0,0,0,0,0
SD 20,1,1,0,0,0,0,20,0,0,0,0,400,35,365,36,22,0,2,24,24,35,35,3,4,-1,3,4
SD 25,1,1,0,0,0,0,25,0,0,0,0,400,35,365,36,22,0,2,24,24,35,35,3,4,-1,3,4
SD 30,1,1,0,0,0,0,30,0,0,0,0,400,110,290,29,17,0,1,18,18,29,29,11,11,0,11,11
SD 35,1,1,0,0,0,0,35,0,0,0,0,400,110,290,29,17,0,1,18,18,29,29,11,11,0,11,11
SD 40,1,1,0,0,0,0,40,0,0,0,0,400,125,275,27,17,0,1,18,18,29,29,12,13,-1,12,13
SD 45,1,1,0,0,0,0,45,0,0,0,0,400,125,275,27,17,0,1,18,18,29,29,12,13,-1,12,13
SD 50,1,1,0,0,0,0,50,0,0,0,0,400,150,250,25,15,0,1,16,16,27,27,14,16,-2,14,16
SD 55,1,1,0,0,0,0,55,0,0,0,0,400,150,250,25,15,0,1,16,16,27,27,14,16,-2,14,16
SD 60,1,1,0,0,0,0,60,0,0,0,0,400,150,250,25,15,0,1,16,16,27,27,14,16,-2,14,16
SD 65,1,1,0,0,0,0,65,0,0,0,0,400,150,250,25,15,0,1,16,16,27,27,14,16,-2,14,16
SD 70,1,1,0,0,0,0,70,0,0,0,0,400,155,245,24,15,0,1,16,16,27,27,15,16,-1,15,16
SD 75,1,1,0,0,0,0,75,0,0,0,0,400,155,245,24,15,0,1,16,16,27,27,15,16,-1,15,16
SD 80,1,1,0,0,0,0,80,0,0,0,0,400,160,240,24,14,0,1,15,15,26,26,14,18,-4,14,18
SD 85,1,1,0,0,0,0,85,0,0,0,0,400,160,240,24,14,0,1,15,15,26,26,14,18,-4,14,18
SD 90,1,1,0,0,0,0,90,0,0,0,0,400,170,230,23,14,0,1,15,15,26,26,16,18,-2,16,18
SD 95,1,1,0,0,0,0,95,0,0,0,0,400,170,230,23,14,0,1,15,15,26,26,16,18,-2,16,18
SD 100,1,1,0,0,0,0,100,0,0,0,0,400,180,220,22,13,0,1,14,14,25,25,17,19,-2,17,19
SD 105,1,1,0,0,0,0,105,0,0,0,0,400,180,220,22,13,0,1,14,14,25,25,17,19,-2,17,19
SD 110,1,1,0,0,0,0,110,0,0,0,0,400,185,215,21,13,0,1,14,14,25,25,18,19,-1,18,19
SD 115,1,1,0,0,0,0,115,0,0,0,0,400,185,215,21,13,0,1,14,14,25,25,18,19,-1,18,19
SD 120,1,1,0,0,0,0,120,0,0,0,0,400,195,205,20,12,0,1,13,13,24,24,20,19,1,20,19
SD 125,1,1,0,0,0,0,125,0,0,0,0,400,195,205,20,12,0,1,13,13,24,24,20,19,1,20,19
SD 130,1,1,0,0,0,0,130,0,0,0,0,400,195,205,20,12,0,1,13,13,24,24,20,19,1,20,19
SD 135,1,1,0,0,0,0,135,0,0,0,0,400,195,205,20,12,0,1,13,13,24,24,20,19,1,20,19
SD 140,1,1,0,0,0,0,140,0,0,0,0,400,205,195,19,12,0,1,13,13,24,24,21,20,1,21,20
SD 145,1,1,0,0,0,0,145,0,0,0,0,400,205,195,19,12,0,1,13,13,24,24,21,20,1,21,20
SD 150,1,1,0,0,0,0,150,0,0,0,0,400,215,185,18,11,0,1,12,12,23,23,22,21,1,22,21
SD 155,1,1,0,0,0,0,155,0,0,0,0,400,215,185,18,11,0,1,12,12,23,23,22,21,1,22,21
SD 160,1,1,0,0,0,0,160,0,0,0,0,400,220,180,18,11,0,1,12,12,23,23,23,21,2,23,21
SD 165,1,1,0,0,0,0,165,0,0,0,0,400,220,180,18,11,0,1,12,12,23,23,23,21,2,23,21
SD 170,1,1,0,0,0,0,170,0,0,0,0,400,220,180,18,11,0,1,12,12,23,23,23,21,2,23,21
SD 175,1,1,0,0,0,0,175,0,0,0,0,400,220,180,18,11,0,1,12,12,23,23,23,21,2,23,21
SD 180,1,1,0,0,0,0,180,0,0,0,0,400,225,175,17,11,0,1,12,12,23,23,23,22,1,23,22
SD 185,1,1,0,0,0,0,185,0,0,0,0,400,225,175,17,11,0,1,12,12,23,23,23,22,1,23,22
SD 190,1,1,0,0,0,0,190,0,0,0,0,400,235,165,16,10,0,1,11,11,22,22,24,23,1,24,23
SD 195,1,1,0,0,0,0,195,0,0,0,0,400,235,165,16,10,0,1,11,11,22,22,24,23,1,24,23
SD 200,1,1,0,0,0,0,200,0,0,0,0,400,230,170,17,10,0,1,11,11,22,22,24,22,2,24,22
SD 205,1,1,0,0,0,0,205,0,0,0,0,400,230,170,17,10,0,1,11,11,22,22,24,22,2,24,22
SD 210,1,1,0,0,0,0,210,0,0,0,0,400,240,160,16,10,0,1,11,11,22,22,25,23,2,25,23
SD 215,1,1,0,0,0,0,215,0,0,0,0,400,240,160,16,10,0,1,11,11,22,22,25,23,2,25,23
SD 220,1,1,0,0,0,0,220,0,0,0,0,400,240,160,16,10,0,1,11,11,22,22,25,23,2,25,23
SD 225,1,1,0,0,0,0,225,0,0,0,0,400,240,160,16,10,0,1,11,11,22,22,25,23,2,25,23
SD 230,1,1,0,0,0,0,230,0,0,0,0,400,245,155,15,9,0,1,10,10,21,21,25,24,1,25,24
SD 235,1,1,0,0,0,0,235,0,0,0,0,400,245,155,15,9,0,1,10,10,21,21,25,24,1,25,24
SD 240,1,1,0,0,0,0,240,0,0,0,0,400,240,160,16,10,0,1,11,11,22,22,25,23,2,25,23
SD 245,1,1,0,0,0,0,245,0,0,0,0,400,240,160,16,10,0,1,11,11,22,22,25,23,2,25,23
SD 250,1,1,0,0,0,0,250,0,0,0,0,400,245,155,15,10,0,1,11,11,22,22,25,24,1,25,24
SD 255,1,1,0,0,0,0,255,0,0,0,0,400,245,155,15,10,0,1,11,11,22,22,25,24,1,25,24
SD 260,1,1,0,0,0,0,260,0,0,0,0,400,250,150,15,9,0,1,10,10,21,21,26,24,2,26,24
SD 265,1,1,0,0,0,0,265,0,0,0,0,400,250,150,15,9,0,1,10,10,21,21,26,24,2,26,24
SD 270,1,1,0,0,0,0,270,0,0,0,0,400,245,155,15,10,0,1,11,11,22,22,26,23,3,26,23
SD 275,1,1,0,0,0,0,275,0,0,0,0,400,245,155,15,10,0,1,11,11,22,22,26,23,3,26,23
SD 280,1,1,0,0,0,0,280,0,0,0,0,400,245,155,15,10,0,1,11,11,22,22,26,23,3,26,23
SD 285,1,1,0,0,0,0,285,0,0,0,0,400,245,155,15,10,0,1,11,11,22,22,26,23,3,26,23
SD 290,1,1,0,0,0,0,290,0,0,0,0,400,250,150,15,9,0,1,10,10,21,21,26,24,2,26,24
SD 295,1,1,0,0,0,0,295,0,0,0,0,400,250,150,15,9,0,1,10,10,21,21,26,24,2,26,24
SD 300,1,1,0,0,0,0,300,0,0,0,0,400,250,150,15,9,0,1,10,10,21,21,26,24,2,26,24
SD 305,1,1,0,0,0,0,305,0,0,0,0,400,250,150,15,9,0,1,10,10,21,21,26,24,2,26,24
SD 310,1,1,0,0,0,0,310,0,0,0,0,400,250,150,15,9,0,1,10,10,21,21,26,24,2,26,24
SD 315,1,1,0,0,0,0,315,0,0,0,0,400,250,150,15,9,0,1,10,10,21,21,26,24,2,26,24
SD 320,1,1,0,0,0,0,320,0,0,0,0,400,250,150,15,9,0,1,10,10,21,21,26,24,2,26,24
SD 325,1,1,0,0,0,0,325,0,0,0,0,400,250,150,15,9,0,1,10,10,21,21,26,24,2,26,24
SD 330,1,1,0,0,0,0,330,0,0,0,0,400,250,150,15,9,0,1,10,10,21,21,26,24,2,26,24
SD 335,1,1,0,0,0,0,335,0,0,0,0,400,250,150,15,9,0,1,10,10,21,21,26,24,2,26,24
SD 340,1,1,0,0,0,0,340,0,0,0,0,400,250,150,15,9,0,1,10,10,21,21,26,24,2,26,24
SD 345,1,1,0,0,0,0,345,0,0,0,0,400,250,150,15,9,0,1,10,10,21,21,26,24,2,26,24
SD 350,1,1,0,0,0,0,350,0,0,0,0,400,250,150,15,9,0,1,10,10,21,21,26,24,2,26,24
SD 355,1,1,0,0,0,0,355,0,0,0,0,400,250,150,15,9,0,1,10,10,21,21,26,24,2,26,24
SD 360,1,1,0,0,0,0,360,0,0,0,0,400,250,150,15,9,0,1,10,10,21,21,26,24,2,26,24
SD 365,1,1,0,0,0,0,365,0,0,0,0,400,250,150,15,9,0,1,10,10,21,21,26,24,2,26,24
SD 370,1,1,0,0,0,0,370,0,0,0,0,400,250,150,15,9,0,1,10,10,21,21,26,24,2,26,24
SD 375,1,1,0,0,0,0,375,0,0,0,0,400,250,150,15,9,0,1,10,10,21,21,26,24,2,26,24
SD 380,1,1,0,0,0,0,380,0,0,0,0,400,255,145,15,9,0,1,10,10,21,21,26,25,1,26,25
SD 385,1,1,0,0,0,0,385,0,0,0,0,400,255,145,15,9,0,1,10,10,21,21,26,25,1,26,25
SD 390,1,1,0,0,0,0,390,0,0,0,0,400,255,145,15,9,0,1,10,10,21,21,26,25,1,26,25
SD 395,1,1,0,0,0,0,395,0,0,0,0,400,255,145,15,9,0,1,10,10,21,21,26,25,1,26,25
SD 400,1,1,0,0,0,0,400,0,0,0,0,400,255,145,15,9,0,1,10,10,21,21,27,24,3,27,24
SD 405,1,1,0,0,0,0,405,0,0,0,0,400,255,145,15,9,0,1,10,10,21,21,27,24,3,27,24
SD 410,1,1,0,0,0,0,410,0,0,0,0,400,255,145,15,9,0,1,10,10,21,21,26,25,1,26,25
SD 415,1,1,0,0,0,0,415,0,0,0,0,400,255,145,15,9,0,1,10,10,21,21,26,25,1,26,25
SD 420,1,1,0,0,0,0,420,0,0,0,0,400,255,145,15,9,0,1,10,10,21,21,26,25,1,26,25
SD 425,1,1,0,0,0,0,425,0,0,0,0,400,255,145,15,9,0,1,10,10,21,21,26,25,1,26,25
SD 430,1,1,368,0,368,0,4,368,0,0,0,400,265,135,14,8,0,1,9,9,20,20,27,26,1,27,26
SD 435,1,1,368,0,368,0,9,368,0,0,0,400,265,135,14,8,0,1,9,9,20,20,27,26,1,27,26
SD 440,1,1,368,0,368,0,14,368,0,0,0,400,250,150,15,9,0,1,10,10,21,21,26,24,2,26,24
SD 445,1,1,368,0,368,0,19,368,0,0,0,400,250,150,15,9,0,1,10,10,21,21,26,24,2,26,24
SD 450,1,1,368,0,368,0,24,368,0,0,0,400,255,145,15,9,0,1,10,10,21,21,26,25,1,26,25
SD 455,1,1,368,0,368,0,29,368,0,0,0,400,255,145,15,9,0,1,10,10,21,21,26,25,1,26,25
SD 460,1,1,368,0,368,0,34,368,0,0,0,400,260,140,14,9,0,1,10,10,21,21,26,26,0,26,26
SD 465,1,1,368,0,368,0,39,368,0,0,0,400,260,140,14,9,0,1,10,10,21,21,26,26,0,26,26
SD 470,1,1,368,0,368,0,44,368,0,0,0,400,260,140,14,9,0,1,10,10,21,21,27,25,2,27,25
SD 475,1,1,368,0,368,0,49,368,0,0,0,400,260,140,14,9,0,1,10,10,21,21,27,25,2,27,25
SD 480,1,1,368,0,368,0,54,368,0,0,0,400,255,145,15,9,0,1,10,10,21,21,27,24,3,27,24
SD 485,1,1,368,0,368,0,59,368,0,0,0,400,255,145,15,9,0,1,10,10,21,21,27,24,3,27,24
SD 490,1,1,368,0,368,0,64,368,0,0,0,400,255,145,15,9,0,1,10,10,21,21,26,25,1,26,25
SD 495,1,1,368,0,368,0,69,368,0,0,0,400,255,145,15,9,0,1,10,10,21,21,26,25,1,26,25
SD 500,1,1,368,0,368,0,74,368,0,0,0,400,255,145,15,9,0,1,10,10,21,21,26,25,1,26,25
SD 505,1,1,368,0,368,0,79,368,0,0,0,400,255,145,15,9,0,1,10,10,21,21,26,25,1,26,25
SD 510,1,1,368,0,368,0,84,368,0,0,0,400,260,140,14,9,0,1,10,10,21,21,27,25,2,27,25
SD 515,1,1,368,0,368,0,89,368,0,0,0,400,260,140,14,9,0,1,10,10,21,21,27,25,2,27,25
SD 520,1,1,368,0,368,0,94,368,0,0,0,400,250,150,15,9,0,1,10,10,21,21,26,24,2,26,24
SD 525,1,1,368,0,368,0,99,368,0,0,0,400,250,150,15,9,0,1,10,10,21,21,26,24,2,26,24
SD 530,1,1,368,0,368,0,104,368,0,0,0,400,260,140,14,9,0,1,10,10,21,21,27,25,2,27,25
SD 535,1,1,368,0,368,0,109,368,0,0,0,400,260,140,14,9,0,1,10,10,21,21,27,25,2,27,25
SD 540,1,1,368,0,368,0,114,368,0,0,0,400,250,150,15,10,0,1,11,11,22,22,26,24,2,26,24
SD 545,1,1,368,0,368,0,119,368,0,0,0,400,250,150,15,10,0,1,11,11,22,22,26,24,2,26,24
SD 550,1,1,368,0,368,0,124,368,0,0,0,400,255,145,15,9,0,1,10,10,21,21,26,25,1,26,25
SD 555,1,1,368,0,368,0,129,368,0,0,0,400,255,145,15,9,0,1,10,10,21,21,26,25,1,26,25
SD 560,1,1,368,0,368,0,134,368,0,0,0,400,255,145,15,9,0,1,10,10,21,21,27,24,3,27,24
SD 565,1,1,368,0,368,0,139,368,0,0,0,400,255,145,15,9,0,1,10,10,21,21,27,24,3,27,24
SD 570,1,1,368,0,368,0,144,368,0,0,0,400,255,145,15,9,0,1,10,10,21,21,26,25,1,26,25
SD 575,1,1,368,0,368,0,149,368,0,0,0,400,255,145,15,9,0,1,10,10,21,21,26,25,1,26,25
SD 580,1,1,368,0,368,0,154,368,0,0,0,400,255,145,15,9,0,1,10,10,21,21,26,25,1,26,25
SD 585,1,1,368,0,368,0,159,368,0,0,0,400,255,145,15,9,0,1,10,10,21,21,26,25,1,26,25
SD 590,1,1,368,0,368,0,164,368,0,0,0,400,260,140,14,9,0,1,10,10,21,21,27,25,2,27,25
SD 595,1,1,368,0,368,0,169,368,0,0,0,400,260,140,14,9,0,1,10,10,21,21,27,25,2,27,25
SD 600,1,1,368,0,368,0,174,368,0,0,0,400,250,150,15,10,0,1,11,11,22,22,26,24,2,26,24
SDUMP_END
OK SDUMP
BNO tick=38510 run=0 y=8.619 yr=-0.233 q0=0.00153 q1=0.07526 q2=0.99713 q3=-0.00366 who=0x85 addr=0x4A paddr=0x4A st=6 pwho=0xF8 sfa=0x00 sla=0x00 shc=0 ch=3 rid=0x08 len=29 txch=2 txlen=21 wfail=0 scl=1 sda=1 rst=1 int=1 iok=103 if=0 rx=168 txd=0
HB tick=38511 run=0 spd=2 ts=0.000 as=0.000 ta=0.000 aa=0.000 se=0.000 so=0.000 ae=0.000 ao=0.000 pwm=0 y=8.619 yr=-0.233 L=0 R=0 OL=0 OR=0 el=0 er=0 ed=0 dl=0 dr=0 cl=0 cr=0 dz=10 dzl=11 dzr=11 dzt=1.000 sbf=2 sbo=0 sbv=36.000 siv=18.000 hdt=800 ok=102 fail=0 vofa=firewater rx=168 txdrop=0
HB tick=38902 run=0 spd=2 ts=0.000 as=0.000 ta=0.000 aa=0.000 se=0.000 so=0.000 ae=0.000 ao=0.000 pwm=0 y=8.619 yr=-0.152 L=0 R=0 OL=0 OR=0 el=0 er=0 ed=0 dl=0 dr=0 cl=0 cr=0 dz=10 dzl=11 dzr=11 dzt=1.000 sbf=2 sbo=0 sbv=36.000 siv=18.000 hdt=800 ok=103 fail=0 vofa=firewater rx=168 txdrop=0
HB tick=39242 run=0 spd=2 ts=0.000 as=0.000 ta=0.000 aa=0.000 se=0.000 so=0.000 ae=0.000 ao=0.000 pwm=0 y=8.619 yr=-0.099 L=0 R=0 OL=0 OR=0 el=0 er=0 ed=0 dl=0 dr=0 cl=0 cr=0 dz=10 dzl=11 dzr=11 dzt=1.000 sbf=2 sbo=0 sbv=36.000 siv=18.000 hdt=800 ok=104 fail=0 vofa=firewater rx=168 txdrop=0
BNO tick=39613 run=0 y=8.619 yr=-0.064 q0=0.00171 q1=0.07526 q2=0.99713 q3=-0.00305 who=0x85 addr=0x4A paddr=0x4A st=6 pwho=0xF8 sfa=0x00 sla=0x00 shc=0 ch=3 rid=0x08 len=29 txch=2 txlen=21 wfail=0 scl=1 sda=1 rst=1 int=1 iok=106 if=0 rx=168 txd=0
HB tick=39614 run=0 spd=2 ts=0.000 as=0.000 ta=0.000 aa=0.000 se=0.000 so=0.000 ae=0.000 ao=0.000 pwm=0 y=8.619 yr=-0.064 L=0 R=0 OL=0 OR=0 el=0 er=0 ed=0 dl=0 dr=0 cl=0 cr=0 dz=10 dzl=11 dzr=11 dzt=1.000 sbf=2 sbo=0 sbv=36.000 siv=18.000 hdt=800 ok=105 fail=0 vofa=firewater rx=168 txdrop=0
HB tick=39963 run=0 spd=2 ts=0.000 as=0.000 ta=0.000 aa=0.000 se=0.000 so=0.000 ae=0.000 ao=0.000 pwm=0 y=8.619 yr=-0.042 L=0 R=0 OL=0 OR=0 el=0 er=0 ed=0 dl=0 dr=0 cl=0 cr=0 dz=10 dzl=11 dzr=11 dzt=1.000 sbf=2 sbo=0 sbv=36.000 siv=18.000 hdt=800 ok=106 fail=0 vofa=firewater rx=168 txdrop=0
HB tick=40335 run=0 spd=2 ts=0.000 as=0.000 ta=0.000 aa=0.000 se=0.000 so=0.000 ae=0.000 ao=0.000 pwm=0 y=8.619 yr=-0.027 L=0 R=0 OL=0 OR=0 el=0 er=0 ed=0 dl=0 dr=0 cl=0 cr=0 dz=10 dzl=11 dzr=11 dzt=1.000 sbf=2 sbo=0 sbv=36.000 siv=18.000 hdt=800 ok=107 fail=0 vofa=firewater rx=168 txdrop=0
BNO tick=40674 run=0 y=8.619 yr=-0.018 q0=0.00177 q1=0.07526 q2=0.99713 q3=-0.00299 who=0x85 addr=0x4A paddr=0x4A st=6 pwho=0xF8 sfa=0x00 sla=0x00 shc=0 ch=3 rid=0x08 len=53 txch=2 txlen=21 wfail=0 scl=1 sda=1 rst=1 int=1 iok=109 if=0 rx=168 txd=0
HB tick=40676 run=0 spd=2 ts=0.000 as=0.000 ta=0.000 aa=0.000 se=0.000 so=0.000 ae=0.000 ao=0.000 pwm=0 y=8.619 yr=-0.018 L=0 R=0 OL=0 OR=0 el=0 er=0 ed=0 dl=0 dr=0 cl=0 cr=0 dz=10 dzl=11 dzr=11 dzt=1.000 sbf=2 sbo=0 sbv=36.000 siv=18.000 hdt=800 ok=108 fail=0 vofa=firewater rx=168 txdrop=0
HB tick=41089 run=0 spd=2 ts=0.000 as=0.000 ta=0.000 aa=0.000 se=0.000 so=0.000 ae=0.000 ao=0.000 pwm=0 y=8.619 yr=-0.011 L=0 R=0 OL=0 OR=0 el=0 er=0 ed=0 dl=0 dr=0 cl=0 cr=0 dz=10 dzl=11 dzr=11 dzt=1.000 sbf=2 sbo=0 sbv=36.000 siv=18.000 hdt=800 ok=109 fail=0 vofa=firewater rx=168 txdrop=0
HB tick=41488 run=0 spd=2 ts=0.000 as=0.000 ta=0.000 aa=0.000 se=0.000 so=0.000 ae=0.000 ao=0.000 pwm=0 y=8.457 yr=-0.149 L=0 R=0 OL=0 OR=0 el=-4 er=-2 ed=-2 dl=-4 dr=-2 cl=0 cr=0 dz=10 dzl=11 dzr=11 dzt=1.000 sbf=2 sbo=0 sbv=36.000 siv=18.000 hdt=800 ok=110 fail=0 vofa=firewater rx=168 txdrop=0
BNO tick=41704 run=0 y=8.345 yr=-0.278 q0=0.00195 q1=0.07288 q2=0.99731 q3=-0.00232 who=0x85 addr=0x4A paddr=0x4A st=6 pwho=0xF8 sfa=0x00 sla=0x00 shc=0 ch=3 rid=0x08 len=17 txch=2 txlen=21 wfail=0 scl=1 sda=1 rst=1 int=1 iok=112 if=0 rx=168 txd=0
HB tick=41705 run=0 spd=2 ts=0.000 as=0.000 ta=0.000 aa=0.000 se=0.000 so=0.000 ae=0.000 ao=0.000 pwm=0 y=8.345 yr=-0.278 L=0 R=0 OL=0 OR=0 el=0 er=0 ed=0 dl=0 dr=0 cl=0 cr=0 dz=10 dzl=11 dzr=11 dzt=1.000 sbf=2 sbo=0 sbv=36.000 siv=18.000 hdt=800 ok=111 fail=0 vofa=firewater rx=168 txdrop=0
