Opened COM18 @ 115200, wait 0.80s...
Pre-drain: lines=3 bytes=1130

>>> #SDUMP!
RX: lines=137 bytes=12451 ok=True err=False
iv=18.000 hdt=800 ok=164 fail=0 vofa=firewater rx=161 txdrop=0
HB tick=62079 run=0 spd=2 ts=0.000 as=0.000 ta=0.000 aa=0.000 se=0.000 so=0.000 ae=0.000 ao=0.000 pwm=0 y=2.161 yr=-1.575 L=0 R=0 OL=0 OR=0 el=0 er=0 ed=0 dl=0 dr=0 cl=0 cr=0 dz=10 dzl=11 dzr=11 dzt=1.000 sbf=2 sbo=0 sbv=36.000 siv=18.000 hdt=800 ok=165 fail=0 vofa=firewater rx=168 txdrop=0
SDUMP_BEGIN
FIELDS:t_ms,run,imuValid,yaw100,yawRate100,targetYaw100,actualAngle100,yawErr100,yawOut100,speedTarget10,actualSpeed10,speedErr10,speedOut10,pwmCore,headingDiff,startupBiasOut,leftPWM,rightPWM,outLeftPWM,outRightPWM,el,er,ed,dl,dr
SD 10,1,1,0,0,0,0,0,0,400,0,400,40,24,0,2,22,26,33,37,0,0,0,0,0
SD 15,1,1,0,0,0,0,0,0,400,0,400,40,24,0,2,22,26,33,37,0,0,0,0,0
SD 20,1,1,0,0,0,0,0,0,400,30,370,37,22,0,2,20,24,31,35,3,3,0,3,3
SD 25,1,1,0,0,0,0,0,0,400,30,370,37,22,0,2,20,24,31,35,3,3,0,3,3
SD 30,1,1,0,0,0,0,0,0,400,120,280,28,17,0,1,16,18,27,29,11,13,-2,11,13
SD 35,1,1,0,0,0,0,0,0,400,120,280,28,17,0,1,16,18,27,29,11,13,-2,11,13
SD 40,1,1,0,0,0,0,0,0,400,155,245,24,15,0,1,14,16,25,27,13,18,-5,13,18
SD 45,1,1,0,0,0,0,0,0,400,155,245,24,15,0,1,14,16,25,27,13,18,-5,13,18
SD 50,1,1,0,0,0,0,0,0,400,165,235,23,14,0,1,13,15,24,26,15,18,-3,15,18
SD 55,1,1,0,0,0,0,0,0,400,165,235,23,14,0,1,13,15,24,26,15,18,-3,15,18
SD 60,1,1,0,0,0,0,0,0,400,160,240,24,14,0,1,13,15,24,26,14,18,-4,14,18
SD 65,1,1,0,0,0,0,0,0,400,160,240,24,14,0,1,13,15,24,26,14,18,-4,14,18
SD 70,1,1,0,0,0,0,0,0,400,170,230,23,14,0,1,13,15,24,26,15,19,-4,15,19
SD 75,1,1,0,0,0,0,0,0,400,170,230,23,14,0,1,13,15,24,26,15,19,-4,15,19
SD 80,1,1,0,0,0,0,0,0,400,165,235,23,14,0,1,13,15,24,26,14,19,-5,14,19
SD 85,1,1,0,0,0,0,0,0,400,165,235,23,14,0,1,13,15,24,26,14,19,-5,14,19
SD 90,1,1,0,0,0,0,0,0,400,170,230,23,14,0,1,13,15,24,26,14,20,-6,14,20
SD 95,1,1,0,0,0,0,0,0,400,170,230,23,14,0,1,13,15,24,26,14,20,-6,14,20
SD 100,1,1,0,0,0,0,0,0,400,180,220,22,13,0,1,12,14,23,25,15,21,-6,15,21
SD 105,1,1,0,0,0,0,0,0,400,180,220,22,13,0,1,12,14,23,25,15,21,-6,15,21
SD 110,1,1,0,0,0,0,0,0,400,185,215,21,13,0,1,12,14,23,25,17,20,-3,17,20
SD 115,1,1,0,0,0,0,0,0,400,185,215,21,13,0,1,12,14,23,25,17,20,-3,17,20
SD 120,1,1,0,0,0,0,0,0,400,190,210,21,13,0,1,12,14,23,25,17,21,-4,17,21
SD 125,1,1,0,0,0,0,0,0,400,190,210,21,13,0,1,12,14,23,25,17,21,-4,17,21
SD 130,1,1,0,0,0,0,0,0,400,200,200,20,12,0,1,11,13,22,24,19,21,-2,19,21
SD 135,1,1,0,0,0,0,0,0,400,200,200,20,12,0,1,11,13,22,24,19,21,-2,19,21
SD 140,1,1,0,0,0,0,0,0,400,205,195,19,12,0,1,11,13,22,24,19,22,-3,19,22
SD 145,1,1,0,0,0,0,0,0,400,205,195,19,12,0,1,11,13,22,24,19,22,-3,19,22
SD 150,1,1,0,0,0,0,0,0,400,205,195,19,12,0,1,11,13,22,24,20,21,-1,20,21
SD 155,1,1,0,0,0,0,0,0,400,205,195,19,12,0,1,11,13,22,24,20,21,-1,20,21
SD 160,1,1,0,0,0,0,0,0,400,210,190,19,12,0,1,11,13,22,24,21,21,0,21,21
SD 165,1,1,0,0,0,0,0,0,400,210,190,19,12,0,1,11,13,22,24,21,21,0,21,21
SD 170,1,1,0,0,0,0,0,0,400,220,180,18,11,0,1,10,12,21,23,22,22,0,22,22
SD 175,1,1,0,0,0,0,0,0,400,220,180,18,11,0,1,10,12,21,23,22,22,0,22,22
SD 180,1,1,0,0,0,0,0,0,400,220,180,18,11,0,1,10,12,21,23,23,21,2,23,21
SD 185,1,1,0,0,0,0,0,0,400,220,180,18,11,0,1,10,12,21,23,23,21,2,23,21
SD 190,1,1,0,0,0,0,0,0,400,220,180,18,11,0,1,10,12,21,23,22,22,0,22,22
SD 195,1,1,0,0,0,0,0,0,400,220,180,18,11,0,1,10,12,21,23,22,22,0,22,22
SD 200,1,1,0,0,0,0,0,0,400,225,175,17,11,0,1,10,12,21,23,24,21,3,24,21
SD 205,1,1,0,0,0,0,0,0,400,225,175,17,11,0,1,10,12,21,23,24,21,3,24,21
SD 210,1,1,0,0,0,0,0,0,400,235,165,16,10,0,1,9,11,20,22,24,23,1,24,23
SD 215,1,1,0,0,0,0,0,0,400,235,165,16,10,0,1,9,11,20,22,24,23,1,24,23
SD 220,1,1,0,0,0,0,0,0,400,235,165,16,10,0,1,9,11,20,22,25,22,3,25,22
SD 225,1,1,0,0,0,0,0,0,400,235,165,16,10,0,1,9,11,20,22,25,22,3,25,22
SD 230,1,1,0,0,0,0,0,0,400,230,170,17,10,0,1,9,11,20,22,25,21,4,25,21
SD 235,1,1,0,0,0,0,0,0,400,230,170,17,10,0,1,9,11,20,22,25,21,4,25,21
SD 240,1,1,0,0,0,0,0,0,400,235,165,16,10,0,1,9,11,20,22,25,22,3,25,22
SD 245,1,1,0,0,0,0,0,0,400,235,165,16,10,0,1,9,11,20,22,25,22,3,25,22
SD 250,1,1,0,0,0,0,0,0,400,235,165,16,10,0,1,9,11,20,22,26,21,5,26,21
SD 255,1,1,0,0,0,0,0,0,400,235,165,16,10,0,1,9,11,20,22,26,21,5,26,21
SD 260,1,1,0,0,0,0,0,0,400,235,165,16,10,0,1,9,11,20,22,25,22,3,25,22
SD 265,1,1,0,0,0,0,0,0,400,235,165,16,10,0,1,9,11,20,22,25,22,3,25,22
SD 270,1,1,0,0,0,0,0,0,400,240,160,16,10,0,1,9,11,20,22,26,22,4,26,22
SD 275,1,1,0,0,0,0,0,0,400,240,160,16,10,0,1,9,11,20,22,26,22,4,26,22
SD 280,1,1,0,0,0,0,0,0,400,245,155,15,10,0,1,9,11,20,22,27,22,5,27,22
SD 285,1,1,0,0,0,0,0,0,400,245,155,15,10,0,1,9,11,20,22,27,22,5,27,22
SD 290,1,1,0,0,0,0,0,0,400,240,160,16,10,0,1,9,11,20,22,26,22,4,26,22
SD 295,1,1,0,0,0,0,0,0,400,240,160,16,10,0,1,9,11,20,22,26,22,4,26,22
SD 300,1,1,0,0,0,0,0,0,400,240,160,16,10,0,1,9,11,20,22,26,22,4,26,22
SD 305,1,1,0,0,0,0,0,0,400,240,160,16,10,0,1,9,11,20,22,26,22,4,26,22
SD 310,1,1,0,0,0,0,0,0,400,250,150,15,9,0,1,8,10,19,21,27,23,4,27,23
SD 315,1,1,0,0,0,0,0,0,400,250,150,15,9,0,1,8,10,19,21,27,23,4,27,23
SD 320,1,1,0,0,0,0,0,0,400,240,160,16,10,0,1,9,11,20,22,26,22,4,26,22
SD 325,1,1,0,0,0,0,0,0,400,240,160,16,10,0,1,9,11,20,22,26,22,4,26,22
SD 330,1,1,0,0,0,0,0,0,400,245,155,16,10,0,1,9,11,20,22,27,22,5,27,22
SD 335,1,1,0,0,0,0,0,0,400,245,155,16,10,0,1,9,11,20,22,27,22,5,27,22
SD 340,1,1,0,0,0,0,0,0,400,240,160,16,10,0,1,9,11,20,22,26,22,4,26,22
SD 345,1,1,0,0,0,0,0,0,400,240,160,16,10,0,1,9,11,20,22,26,22,4,26,22
SD 350,1,1,0,0,0,0,0,0,400,245,155,16,10,0,1,9,11,20,22,26,23,3,26,23
SD 355,1,1,0,0,0,0,0,0,400,245,155,16,10,0,1,9,11,20,22,26,23,3,26,23
SD 360,1,1,0,0,0,0,0,0,400,250,150,15,9,0,1,8,10,19,21,27,23,4,27,23
SD 365,1,1,0,0,0,0,0,0,400,250,150,15,9,0,1,8,10,19,21,27,23,4,27,23
SD 370,1,1,0,0,0,0,0,0,400,240,160,16,10,0,1,9,11,20,22,26,22,4,26,22
SD 375,1,1,0,0,0,0,0,0,400,240,160,16,10,0,1,9,11,20,22,26,22,4,26,22
SD 380,1,1,0,0,0,0,0,0,400,245,155,16,10,0,1,9,11,20,22,26,23,3,26,23
SD 385,1,1,0,0,0,0,0,0,400,245,155,16,10,0,1,9,11,20,22,26,23,3,26,23
SD 390,1,1,0,0,0,0,0,0,400,250,150,15,9,0,1,8,10,19,21,27,23,4,27,23
SD 395,1,1,0,0,0,0,0,0,400,250,150,15,9,0,1,8,10,19,21,27,23,4,27,23
SD 400,1,1,0,0,0,0,0,0,400,250,150,15,9,0,1,8,10,19,21,26,24,2,26,24
SD 405,1,1,0,0,0,0,0,0,400,250,150,15,9,0,1,8,10,19,21,26,24,2,26,24
SD 410,1,1,0,0,0,0,0,0,400,250,150,15,9,0,1,8,10,19,21,27,23,4,27,23
SD 415,1,1,0,0,0,0,0,0,400,250,150,15,9,0,1,8,10,19,21,27,23,4,27,23
SD 420,1,1,0,0,0,0,0,0,400,245,155,16,10,0,1,9,11,20,22,26,23,3,26,23
SD 425,1,1,0,0,0,0,0,0,400,245,155,16,10,0,1,9,11,20,22,26,23,3,26,23
SD 430,1,1,0,0,0,0,0,0,400,245,155,16,10,0,1,9,11,20,22,26,23,3,26,23
SD 435,1,1,0,0,0,0,0,0,400,245,155,16,10,0,1,9,11,20,22,26,23,3,26,23
SD 440,1,1,0,0,0,0,0,0,400,255,145,15,9,0,1,8,10,19,21,27,24,3,27,24
SD 445,1,1,0,0,0,0,0,0,400,255,145,15,9,0,1,8,10,19,21,27,24,3,27,24
SD 450,1,1,0,0,0,0,0,0,400,255,145,15,9,0,1,8,10,19,21,27,24,3,27,24
SD 455,1,1,0,0,0,0,0,0,400,255,145,15,9,0,1,8,10,19,21,27,24,3,27,24
SD 460,1,1,0,0,0,0,0,0,400,250,150,15,9,0,1,8,10,19,21,26,24,2,26,24
SD 465,1,1,0,0,0,0,0,0,400,250,150,15,9,0,1,8,10,19,21,26,24,2,26,24
SD 470,1,1,0,0,0,0,0,0,400,255,145,15,9,0,1,8,10,19,21,27,24,3,27,24
SD 475,1,1,0,0,0,0,0,0,400,255,145,15,9,0,1,8,10,19,21,27,24,3,27,24
SD 480,1,1,0,0,0,0,0,0,400,255,145,15,9,0,1,8,10,19,21,26,25,1,26,25
SD 485,1,1,0,0,0,0,0,0,400,255,145,15,9,0,1,8,10,19,21,26,25,1,26,25
SD 490,1,1,0,0,0,0,0,0,400,255,145,15,9,0,1,8,10,19,21,27,24,3,27,24
SD 495,1,1,0,0,0,0,0,0,400,255,145,15,9,0,1,8,10,19,21,27,24,3,27,24
SD 500,1,1,0,0,0,0,0,0,400,255,145,15,9,0,1,8,10,19,21,26,25,1,26,25
SD 505,1,1,0,0,0,0,0,0,400,255,145,15,9,0,1,8,10,19,21,26,25,1,26,25
SD 510,1,1,0,0,0,0,0,0,400,250,150,15,10,0,1,9,11,20,22,26,24,2,26,24
SD 515,1,1,0,0,0,0,0,0,400,250,150,15,10,0,1,9,11,20,22,26,24,2,26,24
SD 520,1,1,0,0,0,0,0,0,400,260,140,14,9,0,1,8,10,19,21,27,25,2,27,25
SD 525,1,1,0,0,0,0,0,0,400,260,140,14,9,0,1,8,10,19,21,27,25,2,27,25
SD 530,1,1,0,0,0,0,0,0,400,255,145,15,9,0,1,8,10,19,21,26,25,1,26,25
SD 535,1,1,0,0,0,0,0,0,400,255,145,15,9,0,1,8,10,19,21,26,25,1,26,25
SD 540,1,1,0,0,0,0,0,0,400,260,140,14,9,0,1,8,10,19,21,27,25,2,27,25
SD 545,1,1,0,0,0,0,0,0,400,260,140,14,9,0,1,8,10,19,21,27,25,2,27,25
SD 550,1,1,0,0,0,0,0,0,400,255,145,15,9,0,1,8,10,19,21,26,25,1,26,25
SD 555,1,1,0,0,0,0,0,0,400,255,145,15,9,0,1,8,10,19,21,26,25,1,26,25
SD 560,1,1,0,0,0,0,0,0,400,250,150,15,10,0,1,9,11,20,22,26,24,2,26,24
SD 565,1,1,0,0,0,0,0,0,400,250,150,15,10,0,1,9,11,20,22,26,24,2,26,24
SD 570,1,1,0,0,0,0,0,0,400,260,140,14,9,0,1,8,10,19,21,26,26,0,26,26
SD 575,1,1,0,0,0,0,0,0,400,260,140,14,9,0,1,8,10,19,21,26,26,0,26,26
SD 580,1,1,0,0,0,0,0,0,400,255,145,15,9,0,1,8,10,19,21,26,25,1,26,25
SD 585,1,1,0,0,0,0,0,0,400,255,145,15,9,0,1,8,10,19,21,26,25,1,26,25
SD 590,1,1,0,0,0,0,0,0,400,255,145,15,9,0,1,8,10,19,21,26,25,1,26,25
SD 595,1,1,0,0,0,0,0,0,400,255,145,15,9,0,1,8,10,19,21,26,25,1,26,25
SD 600,1,1,0,0,0,0,0,0,400,260,140,14,9,0,1,8,10,19,21,27,25,2,27,25
SDUMP_END
OK SDUMP
BNO tick=63332 run=0 y=2.161 yr=-1.024 q0=0.01129 q1=-0.01862 q2=-0.99976 q3=0.00458 who=0x85 addr=0x4A paddr=0x4A st=6 pwho=0xF8 sfa=0x00 sla=0x00 shc=0 ch=3 rid=0x08 len=17 txch=2 txlen=21 wfail=0 scl=1 sda=1 rst=1 int=1 iok=167 if=0 rx=168 txd=0
HB tick=63333 run=0 spd=2 ts=0.000 as=0.000 ta=0.000 aa=0.000 se=0.000 so=0.000 ae=0.000 ao=0.000 pwm=0 y=2.161 yr=-1.024 L=0 R=0 OL=0 OR=0 el=0 er=0 ed=0 dl=0 dr=0 cl=0 cr=0 dz=10 dzl=11 dzr=11 dzt=1.000 sbf=2 sbo=0 sbv=36.000 siv=18.000 hdt=800 ok=166 fail=0 vofa=firewater rx=168 txdrop=0
HB tick=63723 run=0 spd=2 ts=0.000 as=0.000 ta=0.000 aa=0.000 se=0.000 so=0.000 ae=0.000 ao=0.000 pwm=0 y=1.585 yr=-1.181 L=0 R=0 OL=0 OR=0 el=0 er=0 ed=0 dl=0 dr=0 cl=0 cr=0 dz=10 dzl=11 dzr=11 dzt=1.000 sbf=2 sbo=0 sbv=36.000 siv=18.000 hdt=800 ok=167 fail=0 vofa=firewater rx=168 txdrop=0
HB tick=64129 run=0 spd=2 ts=0.000 as=0.000 ta=0.000 aa=0.000 se=0.000 so=0.000 ae=0.000 ao=0.000 pwm=0 y=1.545 yr=-0.802 L=0 R=0 OL=0 OR=0 el=0 er=0 ed=0 dl=0 dr=0 cl=0 cr=0 dz=10 dzl=11 dzr=11 dzt=1.000 sbf=2 sbo=0 sbv=36.000 siv=18.000 hdt=800 ok=168 fail=0 vofa=firewater rx=168 txdrop=0
BNO tick=64536 run=0 y=1.540 yr=-0.526 q0=0.01660 q1=-0.01324 q2=-0.99976 q3=0.00000 who=0x85 addr=0x4A paddr=0x4A st=6 pwho=0xF8 sfa=0x00 sla=0x00 shc=0 ch=3 rid=0x08 len=17 txch=2 txlen=21 wfail=0 scl=1 sda=1 rst=1 int=0 iok=170 if=0 rx=168 txd=0
HB tick=64537 run=0 spd=2 ts=0.000 as=0.000 ta=0.000 aa=0.000 se=0.000 so=0.000 ae=0.000 ao=0.000 pwm=0 y=1.540 yr=-0.526 L=0 R=0 OL=0 OR=0 el=0 er=0 ed=0 dl=0 dr=0 cl=0 cr=0 dz=10 dzl=11 dzr=11 dzt=1.000 sbf=2 sbo=0 sbv=36.000 siv=18.000 hdt=800 ok=169 fail=0 vofa=firewater rx=168 txdrop=0
HB tick=64951 run=0 spd=2 ts=0.000 as=0.000 ta=0.000 aa=0.000 se=0.000 so=0.000 ae=0.000 ao=0.000 pwm=0 y=1.535 yr=-0.346 L=0 R=0 OL=0 OR=0 el=0 er=0 ed=0 dl=0 dr=0 cl=0 cr=0 dz=10 dzl=11 dzr=11 dzt=1.000 sbf=2 sbo=0 sbv=36.000 siv=18.000 hdt=800 ok=170 fail=0 vofa=firewater rx=168 txdrop=0
HB tick=65357 run=0 spd=2 ts=0.000 as=0.000 ta=0.000 aa=0.000 se=0.000 so=0.000 ae=0.000 ao=0.000 pwm=0 y=46.535 yr=38.568 L=0 R=0 OL=0 OR=0 el=0 er=0 ed=0 dl=0 dr=0 cl=0 cr=0 dz=10 dzl=11 dzr=11 dzt=1.000 sbf=2 sbo=0 sbv=36.000 siv=18.000 hdt=800 ok=171 fail=0 vofa=firewater rx=168 txdrop=0
BNO tick=65667 run=0 y=91.535 yr=75.876 q0=0.80811 q1=-0.00781 q2=-0.58899 q3=0.00000 who=0x85 addr=0x4A paddr=0x4A st=6 pwho=0xF8 sfa=0x00 sla=0x00 shc=0 ch=3 rid=0x08 len=137 txch=2 txlen=21 wfail=0 scl=1 sda=1 rst=1 int=1 iok=173 if=0 rx=168 txd=0
HB tick=65668 run=0 spd=2 ts=0.000 as=0.000 ta=0.000 aa=0.000 se=0.000 so=0.000 ae=0.000 ao=0.000 pwm=0 y=91.535 yr=75.876 L=0 R=0 OL=0 OR=0 el=0 er=0 ed=0 dl=0 dr=0 cl=0 cr=0 dz=10 dzl=11 dzr=11 dzt=1.000 sbf=2 sbo=0 sbv=36.000 siv=18.000 hdt=800 ok=172 fail=0 vofa=firewater rx=168 txdrop=0
HB tick=66006 run=0 spd=2 ts=0.000 as=0.000 ta=0.000 aa=0.000 se=0.000 so=0.000 ae=0.000 ao=0.000 pwm=0 y=46.535 yr=2.859 L=0 R=0 OL=0 OR=0 el=0 er=0 ed=0 dl=0 dr=0 cl=0 cr=0 dz=10 dzl=11 dzr=11 dzt=1.000 sbf=2 sbo=0 sbv=36.000 siv=18.000 hdt=800 ok=173 fail=0 vofa=firewater rx=168 txdrop=0
HB tick=66440 run=0 spd=2 ts=0.000 as=0.000 ta=0.000 aa=0.000 se=0.000 so=0.000 ae=0.000 ao=0.000 pwm=0 y=1.535 yr=-34.432 L=0 R=0 OL=0 OR=0 el=0 er=0 ed=0 dl=0 dr=0 cl=0 cr=0 dz=10 dzl=11 dzr=11 dzt=1.000 sbf=2 sbo=0 sbv=36.000 siv=18.000 hdt=800 ok=174 fail=0 vofa=firewater rx=168 txdrop=0
