Opened COM18 @ 115200, wait 0.80s...
Pre-drain: lines=2 bytes=894

>>> #SDUMP!
RX: lines=137 bytes=12792 ok=True err=False
iv=18.000 hdt=800 ok=124 fail=0 vofa=firewater rx=161 txdrop=0
HB tick=44750 run=0 spd=2 ts=0.000 as=0.000 ta=0.000 aa=0.000 se=0.000 so=0.000 ae=0.000 ao=0.000 pwm=0 y=-1.090 yr=-0.000 L=0 R=0 OL=0 OR=0 el=0 er=0 ed=0 dl=0 dr=0 cl=0 cr=0 dz=10 dzl=11 dzr=11 dzt=1.000 sbf=2 sbo=0 sbv=36.000 siv=18.000 hdt=800 ok=125 fail=0 vofa=firewater rx=168 txdrop=0
SDUMP_BEGIN
FIELDS:t_ms,run,imuValid,yaw100,yawRate100,targetYaw100,actualAngle100,yawErr100,yawOut100,speedTarget10,actualSpeed10,speedErr10,speedOut10,pwmCore,headingDiff,startupBiasOut,leftPWM,rightPWM,outLeftPWM,outRightPWM,el,er,ed,dl,dr
SD 10,1,1,0,0,0,0,0,0,400,0,400,40,24,0,2,26,26,37,37,0,0,0,0,0
SD 15,1,1,0,0,0,0,0,0,400,0,400,40,24,0,2,26,26,37,37,0,0,0,0,0
SD 20,1,1,0,0,0,0,0,0,400,15,385,38,23,0,2,25,25,36,36,2,1,1,2,1
SD 25,1,1,0,0,0,0,0,0,400,15,385,38,23,0,2,25,25,36,36,2,1,1,2,1
SD 30,1,1,0,0,0,0,0,0,400,90,310,31,19,0,2,21,21,32,32,9,9,0,9,9
SD 35,1,1,0,0,0,0,0,0,400,90,310,31,19,0,2,21,21,32,32,9,9,0,9,9
SD 40,1,1,0,0,0,0,0,0,400,140,260,26,16,0,1,17,17,28,28,13,15,-2,13,15
SD 45,1,1,0,0,0,0,0,0,400,140,260,26,16,0,1,17,17,28,28,13,15,-2,13,15
SD 50,1,1,0,0,0,0,0,0,400,170,230,23,14,0,1,15,15,26,26,16,18,-2,16,18
SD 55,1,1,0,0,0,0,0,0,400,170,230,23,14,0,1,15,15,26,26,16,18,-2,16,18
SD 60,1,1,0,0,0,0,0,0,400,180,220,22,13,0,1,14,14,25,25,17,19,-2,17,19
SD 65,1,1,0,0,0,0,0,0,400,180,220,22,13,0,1,14,14,25,25,17,19,-2,17,19
SD 70,1,1,0,0,0,0,0,0,400,185,215,21,13,0,1,14,14,25,25,18,19,-1,18,19
SD 75,1,1,0,0,0,0,0,0,400,185,215,21,13,0,1,14,14,25,25,18,19,-1,18,19
SD 80,1,1,0,0,0,0,0,0,400,175,225,22,14,0,1,15,15,26,26,17,18,-1,17,18
SD 85,1,1,0,0,0,0,0,0,400,175,225,22,14,0,1,15,15,26,26,17,18,-1,17,18
SD 90,1,1,0,0,0,0,0,0,400,170,230,23,14,0,1,15,15,26,26,16,18,-2,16,18
SD 95,1,1,0,0,0,0,0,0,400,170,230,23,14,0,1,15,15,26,26,16,18,-2,16,18
SD 100,1,1,0,0,0,0,0,0,400,175,225,22,14,0,1,15,15,26,26,18,17,1,18,17
SD 105,1,1,0,0,0,0,0,0,400,175,225,22,14,0,1,15,15,26,26,18,17,1,18,17
SD 110,1,1,0,0,0,0,0,0,400,185,215,21,13,0,1,14,14,25,25,18,19,-1,18,19
SD 115,1,1,0,0,0,0,0,0,400,185,215,21,13,0,1,14,14,25,25,18,19,-1,18,19
SD 120,1,1,0,0,0,0,0,0,400,195,205,20,12,0,1,13,13,24,24,21,18,3,21,18
SD 125,1,1,0,0,0,0,0,0,400,195,205,20,12,0,1,13,13,24,24,21,18,3,21,18
SD 130,1,1,0,0,0,0,0,0,400,210,190,19,11,0,1,12,12,23,23,22,20,2,22,20
SD 135,1,1,0,0,0,0,0,0,400,210,190,19,11,0,1,12,12,23,23,22,20,2,22,20
SD 140,1,1,0,0,0,0,0,0,400,205,195,19,12,0,1,13,13,24,24,22,19,3,22,19
SD 145,1,1,0,0,0,0,0,0,400,205,195,19,12,0,1,13,13,24,24,22,19,3,22,19
SD 150,1,1,0,0,0,0,0,0,400,220,180,18,11,0,1,12,12,23,23,23,21,2,23,21
SD 155,1,1,0,0,0,0,0,0,400,220,180,18,11,0,1,12,12,23,23,23,21,2,23,21
SD 160,1,1,0,0,0,0,0,0,400,230,170,17,10,0,1,11,11,22,22,24,22,2,24,22
SD 165,1,1,0,0,0,0,0,0,400,230,170,17,10,0,1,11,11,22,22,24,22,2,24,22
SD 170,1,1,0,0,0,0,0,0,400,225,175,17,11,0,1,12,12,23,23,24,21,3,24,21
SD 175,1,1,0,0,0,0,0,0,400,225,175,17,11,0,1,12,12,23,23,24,21,3,24,21
SD 180,1,1,0,0,0,0,0,0,400,240,160,16,10,0,1,11,11,22,22,25,23,2,25,23
SD 185,1,1,0,0,0,0,0,0,400,240,160,16,10,0,1,11,11,22,22,25,23,2,25,23
SD 190,1,1,0,0,0,0,0,0,400,240,160,16,10,0,1,11,11,22,22,25,23,2,25,23
SD 195,1,1,0,0,0,0,0,0,400,240,160,16,10,0,1,11,11,22,22,25,23,2,25,23
SD 200,1,1,0,0,0,0,0,0,400,245,155,15,9,0,1,10,10,21,21,25,24,1,25,24
SD 205,1,1,0,0,0,0,0,0,400,245,155,15,9,0,1,10,10,21,21,25,24,1,25,24
SD 210,1,1,0,0,0,0,0,0,400,245,155,15,9,0,1,10,10,21,21,26,23,3,26,23
SD 215,1,1,0,0,0,0,0,0,400,245,155,15,9,0,1,10,10,21,21,26,23,3,26,23
SD 220,1,1,0,0,0,0,0,0,400,250,150,15,9,0,1,10,10,21,21,26,24,2,26,24
SD 225,1,1,0,0,0,0,0,0,400,250,150,15,9,0,1,10,10,21,21,26,24,2,26,24
SD 230,1,1,0,0,0,0,0,0,400,245,155,15,9,0,1,10,10,21,21,26,23,3,26,23
SD 235,1,1,0,0,0,0,0,0,400,245,155,15,9,0,1,10,10,21,21,26,23,3,26,23
SD 240,1,1,0,0,0,0,0,0,400,250,150,15,9,0,1,10,10,21,21,26,24,2,26,24
SD 245,1,1,0,0,0,0,0,0,400,250,150,15,9,0,1,10,10,21,21,26,24,2,26,24
SD 250,1,1,0,0,0,0,0,0,400,250,150,15,9,0,1,10,10,21,21,26,24,2,26,24
SD 255,1,1,0,0,0,0,0,0,400,250,150,15,9,0,1,10,10,21,21,26,24,2,26,24
SD 260,1,1,0,0,0,0,0,0,400,255,145,14,9,0,1,10,10,21,21,27,24,3,27,24
SD 265,1,1,0,0,0,0,0,0,400,255,145,14,9,0,1,10,10,21,21,27,24,3,27,24
SD 270,1,1,0,0,0,0,0,0,400,260,140,14,9,0,1,10,10,21,21,27,25,2,27,25
SD 275,1,1,0,0,0,0,0,0,400,260,140,14,9,0,1,10,10,21,21,27,25,2,27,25
SD 280,1,1,0,0,0,0,0,0,400,255,145,14,9,0,1,10,10,21,21,27,24,3,27,24
SD 285,1,1,0,0,0,0,0,0,400,255,145,14,9,0,1,10,10,21,21,27,24,3,27,24
SD 290,1,1,0,0,0,0,0,0,400,260,140,14,9,0,1,10,10,21,21,27,25,2,27,25
SD 295,1,1,0,0,0,0,0,0,400,260,140,14,9,0,1,10,10,21,21,27,25,2,27,25
SD 300,1,1,0,0,0,0,0,0,400,260,140,14,9,0,1,10,10,21,21,27,25,2,27,25
SD 305,1,1,0,0,0,0,0,0,400,260,140,14,9,0,1,10,10,21,21,27,25,2,27,25
SD 310,1,1,0,0,0,0,0,0,400,265,135,13,8,0,1,9,9,20,20,28,25,3,28,25
SD 315,1,1,0,0,0,0,0,0,400,265,135,13,8,0,1,9,9,20,20,28,25,3,28,25
SD 320,1,1,0,0,0,0,0,0,400,255,145,14,9,0,1,10,10,21,21,27,24,3,27,24
SD 325,1,1,0,0,0,0,0,0,400,255,145,14,9,0,1,10,10,21,21,27,24,3,27,24
SD 330,1,1,0,0,0,0,0,0,400,265,135,13,8,0,1,9,9,20,20,27,26,1,27,26
SD 335,1,1,0,0,0,0,0,0,400,265,135,13,8,0,1,9,9,20,20,27,26,1,27,26
SD 340,1,1,0,0,0,0,0,0,400,260,140,14,9,0,1,10,10,21,21,27,25,2,27,25
SD 345,1,1,0,0,0,0,0,0,400,260,140,14,9,0,1,10,10,21,21,27,25,2,27,25
SD 350,1,1,0,0,0,0,0,0,400,260,140,14,9,0,1,10,10,21,21,27,25,2,27,25
SD 355,1,1,0,0,0,0,0,0,400,260,140,14,9,0,1,10,10,21,21,27,25,2,27,25
SD 360,1,1,0,0,0,0,0,0,400,260,140,14,9,0,1,10,10,21,21,27,25,2,27,25
SD 365,1,1,0,0,0,0,0,0,400,260,140,14,9,0,1,10,10,21,21,27,25,2,27,25
SD 370,1,1,0,0,0,0,0,0,400,270,130,13,8,0,1,9,9,20,20,28,26,2,28,26
SD 375,1,1,0,0,0,0,0,0,400,270,130,13,8,0,1,9,9,20,20,28,26,2,28,26
SD 380,1,1,0,0,0,0,0,0,400,255,145,15,9,0,1,10,10,21,21,26,25,1,26,25
SD 385,1,1,0,0,0,0,0,0,400,255,145,15,9,0,1,10,10,21,21,26,25,1,26,25
SD 390,1,1,0,0,0,0,0,0,400,255,145,15,9,0,1,10,10,21,21,27,24,3,27,24
SD 395,1,1,0,0,0,0,0,0,400,255,145,15,9,0,1,10,10,21,21,27,24,3,27,24
SD 400,1,1,0,0,0,0,0,0,400,260,140,14,9,0,1,10,10,21,21,27,25,2,27,25
SD 405,1,1,0,0,0,0,0,0,400,260,140,14,9,0,1,10,10,21,21,27,25,2,27,25
SD 410,1,1,0,0,0,0,0,0,400,265,135,14,8,0,1,9,9,20,20,27,26,1,27,26
SD 415,1,1,432,0,0,432,-432,-52,400,265,135,14,8,-1,1,8,10,19,21,27,26,1,27,26
SD 420,1,1,432,0,0,432,-432,-52,400,260,140,14,9,-1,1,9,11,20,22,27,25,2,27,25
SD 425,1,1,432,0,0,432,-432,-52,400,260,140,14,9,-1,1,9,11,20,22,27,25,2,27,25
SD 430,1,1,432,0,0,432,-432,-52,400,255,145,15,9,-1,1,9,11,20,22,27,24,3,27,24
SD 435,1,1,432,0,0,432,-432,-52,400,255,145,15,9,-1,1,9,11,20,22,27,24,3,27,24
SD 440,1,1,432,0,0,432,-432,-52,400,265,135,14,8,-1,1,8,10,19,21,27,26,1,27,26
SD 445,1,1,432,0,0,432,-432,-52,400,265,135,14,8,-1,1,8,10,19,21,27,26,1,27,26
SD 450,1,1,432,0,0,432,-432,-52,400,260,140,14,9,-1,1,9,11,20,22,27,25,2,27,25
SD 455,1,1,432,0,0,432,-432,-52,400,260,140,14,9,-1,1,9,11,20,22,27,25,2,27,25
SD 460,1,1,432,0,0,432,-432,-52,400,255,145,15,9,-1,1,9,11,20,22,26,25,1,26,25
SD 465,1,1,432,0,0,432,-432,-52,400,255,145,15,9,-1,1,9,11,20,22,26,25,1,26,25
SD 470,1,1,432,0,0,432,-432,-52,400,255,145,15,9,-1,1,9,11,20,22,27,24,3,27,24
SD 475,1,1,432,0,0,432,-432,-52,400,255,145,15,9,-1,1,9,11,20,22,27,24,3,27,24
SD 480,1,1,432,0,0,432,-432,-52,400,260,140,14,9,-1,1,9,11,20,22,27,25,2,27,25
SD 485,1,1,432,0,0,432,-432,-52,400,260,140,14,9,-1,1,9,11,20,22,27,25,2,27,25
SD 490,1,1,432,0,0,432,-432,-52,400,265,135,14,9,-1,1,9,11,20,22,27,26,1,27,26
SD 495,1,1,432,0,0,432,-432,-52,400,265,135,14,9,-1,1,9,11,20,22,27,26,1,27,26
SD 500,1,1,432,0,0,432,-432,-52,400,260,140,14,9,-1,1,9,11,20,22,27,25,2,27,25
SD 505,1,1,432,0,0,432,-432,-52,400,260,140,14,9,-1,1,9,11,20,22,27,25,2,27,25
SD 510,1,1,432,0,0,432,-432,-52,400,265,135,14,9,-1,1,9,11,20,22,27,26,1,27,26
SD 515,1,1,432,0,0,432,-432,-52,400,265,135,14,9,-1,1,9,11,20,22,27,26,1,27,26
SD 520,1,1,432,0,0,432,-432,-52,400,265,135,14,9,-1,1,9,11,20,22,27,26,1,27,26
SD 525,1,1,432,0,0,432,-432,-52,400,265,135,14,9,-1,1,9,11,20,22,27,26,1,27,26
SD 530,1,1,432,0,0,432,-432,-52,400,260,140,14,9,-1,1,9,11,20,22,27,25,2,27,25
SD 535,1,1,432,0,0,432,-432,-52,400,260,140,14,9,-1,1,9,11,20,22,27,25,2,27,25
SD 540,1,1,432,0,0,432,-432,-52,400,265,135,14,9,-1,1,9,11,20,22,26,27,-1,26,27
SD 545,1,1,432,0,0,432,-432,-52,400,265,135,14,9,-1,1,9,11,20,22,26,27,-1,26,27
SD 550,1,1,432,0,0,432,-432,-52,400,265,135,14,9,-1,1,9,11,20,22,27,26,1,27,26
SD 555,1,1,432,0,0,432,-432,-52,400,265,135,14,9,-1,1,9,11,20,22,27,26,1,27,26
SD 560,1,1,432,0,0,432,-432,-52,400,260,140,14,9,-1,1,9,11,20,22,26,26,0,26,26
SD 565,1,1,432,0,0,432,-432,-52,400,260,140,14,9,-1,1,9,11,20,22,26,26,0,26,26
SD 570,1,1,432,0,0,432,-432,-52,400,265,135,14,9,-1,1,9,11,20,22,27,26,1,27,26
SD 575,1,1,432,0,0,432,-432,-52,400,265,135,14,9,-1,1,9,11,20,22,27,26,1,27,26
SD 580,1,1,432,0,0,432,-432,-52,400,260,140,14,9,-1,1,9,11,20,22,26,26,0,26,26
SD 585,1,1,432,0,0,432,-432,-52,400,260,140,14,9,-1,1,9,11,20,22,26,26,0,26,26
SD 590,1,1,432,0,0,432,-432,-52,400,265,135,14,9,-1,1,9,11,20,22,27,26,1,27,26
SD 595,1,1,432,0,0,432,-432,-52,400,265,135,14,9,-1,1,9,11,20,22,27,26,1,27,26
SD 600,1,1,432,0,0,432,-432,-52,400,265,135,14,9,-1,1,9,11,20,22,27,26,1,27,26
SDUMP_END
OK SDUMP
BNO tick=46188 run=0 y=-1.077 yr=0.003 q0=0.00073 q1=0.00934 q2=-0.99994 q3=0.00592 who=0x85 addr=0x4A paddr=0x4A st=6 pwho=0xF8 sfa=0x00 sla=0x00 shc=0 ch=3 rid=0x08 len=17 txch=2 txlen=21 wfail=0 scl=1 sda=1 rst=1 int=1 iok=127 if=0 rx=168 txd=0
HB tick=46189 run=0 spd=2 ts=0.000 as=0.000 ta=0.000 aa=0.000 se=0.000 so=0.000 ae=0.000 ao=0.000 pwm=0 y=-1.077 yr=0.003 L=0 R=0 OL=0 OR=0 el=0 er=0 ed=0 dl=0 dr=0 cl=0 cr=0 dz=10 dzl=11 dzr=11 dzt=1.000 sbf=2 sbo=0 sbv=36.000 siv=18.000 hdt=800 ok=126 fail=0 vofa=firewater rx=168 txdrop=0
HB tick=46538 run=0 spd=2 ts=0.000 as=0.000 ta=0.000 aa=0.000 se=0.000 so=0.000 ae=0.000 ao=0.000 pwm=0 y=-1.077 yr=0.002 L=0 R=0 OL=0 OR=0 el=0 er=0 ed=0 dl=0 dr=0 cl=0 cr=0 dz=10 dzl=11 dzr=11 dzt=1.000 sbf=2 sbo=0 sbv=36.000 siv=18.000 hdt=800 ok=127 fail=0 vofa=firewater rx=168 txdrop=0
HB tick=46898 run=0 spd=2 ts=0.000 as=0.000 ta=0.000 aa=0.000 se=0.000 so=0.000 ae=0.000 ao=0.000 pwm=0 y=-1.077 yr=0.001 L=0 R=0 OL=0 OR=0 el=0 er=0 ed=0 dl=0 dr=0 cl=0 cr=0 dz=10 dzl=11 dzr=11 dzt=1.000 sbf=2 sbo=0 sbv=36.000 siv=18.000 hdt=800 ok=128 fail=0 vofa=firewater rx=168 txdrop=0
BNO tick=47259 run=0 y=-1.070 yr=0.008 q0=0.00073 q1=0.00928 q2=-0.99994 q3=0.00562 who=0x85 addr=0x4A paddr=0x4A st=6 pwho=0xF8 sfa=0x00 sla=0x00 shc=0 ch=3 rid=0x08 len=65 txch=2 txlen=21 wfail=0 scl=1 sda=1 rst=1 int=1 iok=130 if=0 rx=168 txd=0
HB tick=47260 run=0 spd=2 ts=0.000 as=0.000 ta=0.000 aa=0.000 se=0.000 so=0.000 ae=0.000 ao=0.000 pwm=0 y=-1.070 yr=0.008 L=0 R=0 OL=0 OR=0 el=0 er=0 ed=0 dl=0 dr=0 cl=0 cr=0 dz=10 dzl=11 dzr=11 dzt=1.000 sbf=2 sbo=0 sbv=36.000 siv=18.000 hdt=800 ok=129 fail=0 vofa=firewater rx=168 txdrop=0
HB tick=47681 run=0 spd=2 ts=0.000 as=0.000 ta=0.000 aa=0.000 se=0.000 so=0.000 ae=0.000 ao=0.000 pwm=0 y=-1.091 yr=-0.013 L=0 R=0 OL=0 OR=0 el=0 er=0 ed=0 dl=0 dr=0 cl=0 cr=0 dz=10 dzl=11 dzr=11 dzt=1.000 sbf=2 sbo=0 sbv=36.000 siv=18.000 hdt=800 ok=130 fail=0 vofa=firewater rx=168 txdrop=0
HB tick=47991 run=0 spd=2 ts=0.000 as=0.000 ta=0.000 aa=0.000 se=0.000 so=0.000 ae=0.000 ao=0.000 pwm=0 y=-1.091 yr=-0.008 L=0 R=0 OL=0 OR=0 el=0 er=0 ed=0 dl=0 dr=0 cl=0 cr=0 dz=10 dzl=11 dzr=11 dzt=1.000 sbf=2 sbo=0 sbv=36.000 siv=18.000 hdt=800 ok=131 fail=0 vofa=firewater rx=168 txdrop=0
BNO tick=48424 run=0 y=-1.084 yr=0.000 q0=0.00055 q1=0.00940 q2=-0.99994 q3=0.00616 who=0x85 addr=0x4A paddr=0x4A st=6 pwho=0xF8 sfa=0x00 sla=0x00 shc=0 ch=3 rid=0x08 len=17 txch=2 txlen=21 wfail=0 scl=1 sda=1 rst=1 int=0 iok=133 if=0 rx=168 txd=0
HB tick=48426 run=0 spd=2 ts=0.000 as=0.000 ta=0.000 aa=0.000 se=0.000 so=0.000 ae=0.000 ao=0.000 pwm=0 y=-1.084 yr=0.000 L=0 R=0 OL=0 OR=0 el=0 er=0 ed=0 dl=0 dr=0 cl=0 cr=0 dz=10 dzl=11 dzr=11 dzt=1.000 sbf=2 sbo=0 sbv=36.000 siv=18.000 hdt=800 ok=132 fail=0 vofa=firewater rx=168 txdrop=0
HB tick=48823 run=0 spd=2 ts=0.000 as=0.000 ta=0.000 aa=0.000 se=0.000 so=0.000 ae=0.000 ao=0.000 pwm=0 y=-1.091 yr=-0.006 L=0 R=0 OL=0 OR=0 el=0 er=0 ed=0 dl=0 dr=0 cl=0 cr=0 dz=10 dzl=11 dzr=11 dzt=1.000 sbf=2 sbo=0 sbv=36.000 siv=18.000 hdt=800 ok=133 fail=0 vofa=firewater rx=168 txdrop=0
HB tick=49229 run=0 spd=2 ts=0.000 as=0.000 ta=0.000 aa=0.000 se=0.000 so=0.000 ae=0.000 ao=0.000 pwm=0 y=-1.083 yr=0.002 L=0 R=0 OL=0 OR=0 el=0 er=0 ed=0 dl=0 dr=0 cl=0 cr=0 dz=10 dzl=11 dzr=11 dzt=1.000 sbf=2 sbo=0 sbv=36.000 siv=18.000 hdt=800 ok=134 fail=0 vofa=firewater rx=168 txdrop=0
