Opened COM18 @ 115200, wait 0.80s...
Pre-drain: lines=4 bytes=1124

>>> #SDUMP!
RX: lines=137 bytes=13938 ok=True err=False
BNO tick=47388 run=0 y=1.475 yr=0.829 q0=0.00153 q1=0.00250 q2=1.00000 q3=-0.00336 who=0x85 addr=0x4A paddr=0x4A st=6 pwho=0xF8 sfa=0x00 sla=0x00 shc=0 ch=3 rid=0x08 len=53 txch=2 txlen=21 wfail=0 scl=1 sda=1 rst=1 int=1 iok=127 if=0 rx=186 txd=0
HB tick=47389 run=0 spd=2 ts=0.000 as=0.000 ta=0.000 aa=0.000 se=0.000 so=0.000 ae=0.000 ao=0.000 pwm=0 y=1.475 yr=0.829 L=0 R=0 OL=0 OR=0 el=0 er=0 ed=0 dl=0 dr=0 cl=0 cr=0 dz=10 dzl=11 dzr=11 dzt=1.000 sbf=2 sbo=0 sbv=36.000 siv=18.000 hdt=800 ok=126 fail=0 vofa=firewater rx=186 txdrop=0
SDUMP_BEGIN
FIELDS:t_ms,run,imuValid,yaw100,yawRate100,icmYaw100,icmYawRate100,yawSampleAgeMs,targetYaw100,actualAngle100,yawErr100,yawOut100,speedTarget10,actualSpeed10,speedErr10,speedOut10,pwmCore,headingDiff,startupBiasOut,leftPWM,rightPWM,outLeftPWM,outRightPWM,el,er,ed,dl,dr
SD 10,1,1,0,0,0,0,10,0,0,0,0,400,-15,415,41,25,0,2,27,27,38,38,0,-3,3,0,-3
SD 15,1,1,0,0,0,0,15,0,0,0,0,400,-15,415,41,25,0,2,27,27,38,38,0,-3,3,0,-3
SD 20,1,1,0,0,0,0,20,0,0,0,0,400,-5,405,40,24,0,2,26,26,37,37,1,-2,3,1,-2
SD 25,1,1,0,0,0,0,25,0,0,0,0,400,-5,405,40,24,0,2,26,26,37,37,1,-2,3,1,-2
SD 30,1,1,0,0,0,0,30,0,0,0,0,400,75,325,32,20,0,2,22,22,33,33,9,6,3,9,6
SD 35,1,1,0,0,0,0,35,0,0,0,0,400,75,325,32,20,0,2,22,22,33,33,9,6,3,9,6
SD 40,1,1,0,0,0,0,40,0,0,0,0,400,120,280,28,17,0,1,18,18,29,29,12,12,0,12,12
SD 45,1,1,0,0,0,0,45,0,0,0,0,400,120,280,28,17,0,1,18,18,29,29,12,12,0,12,12
SD 50,1,1,0,0,0,0,50,0,0,0,0,400,150,250,25,15,0,1,16,16,27,27,15,15,0,15,15
SD 55,1,1,0,0,0,0,55,0,0,0,0,400,150,250,25,15,0,1,16,16,27,27,15,15,0,15,15
SD 60,1,1,0,0,0,0,60,0,0,0,0,400,150,250,25,15,0,1,16,16,27,27,14,16,-2,14,16
SD 65,1,1,0,0,0,0,65,0,0,0,0,400,150,250,25,15,0,1,16,16,27,27,14,16,-2,14,16
SD 70,1,1,0,0,0,0,70,0,0,0,0,400,155,245,24,15,0,1,16,16,27,27,14,17,-3,14,17
SD 75,1,1,0,0,0,0,75,0,0,0,0,400,155,245,24,15,0,1,16,16,27,27,14,17,-3,14,17
SD 80,1,1,0,0,0,0,80,0,0,0,0,400,145,255,25,15,0,1,16,16,27,27,13,16,-3,13,16
SD 85,1,1,0,0,0,0,85,0,0,0,0,400,145,255,25,15,0,1,16,16,27,27,13,16,-3,13,16
SD 90,1,1,0,0,0,0,90,0,0,0,0,400,140,260,26,16,0,1,17,17,28,28,13,15,-2,13,15
SD 95,1,1,0,0,0,0,95,0,0,0,0,400,140,260,26,16,0,1,17,17,28,28,13,15,-2,13,15
SD 100,1,1,0,0,0,0,100,0,0,0,0,400,135,265,26,16,0,1,17,17,28,28,12,15,-3,12,15
SD 105,1,1,0,0,0,0,105,0,0,0,0,400,135,265,26,16,0,1,17,17,28,28,12,15,-3,12,15
SD 110,1,1,0,0,0,0,110,0,0,0,0,400,125,275,27,17,0,1,18,18,29,29,11,14,-3,11,14
SD 115,1,1,0,0,0,0,115,0,0,0,0,400,125,275,27,17,0,1,18,18,29,29,11,14,-3,11,14
SD 120,1,1,0,0,0,0,120,0,0,0,0,400,130,270,27,16,0,1,17,17,28,28,11,15,-4,11,15
SD 125,1,1,0,0,0,0,125,0,0,0,0,400,130,270,27,16,0,1,17,17,28,28,11,15,-4,11,15
SD 130,1,1,0,0,0,0,130,0,0,0,0,400,135,265,26,16,0,1,17,17,28,28,12,15,-3,12,15
SD 135,1,1,0,0,0,0,135,0,0,0,0,400,135,265,26,16,0,1,17,17,28,28,12,15,-3,12,15
SD 140,1,1,0,0,0,0,140,0,0,0,0,400,140,260,26,16,0,1,17,17,28,28,13,15,-2,13,15
SD 145,1,1,0,0,0,0,145,0,0,0,0,400,140,260,26,16,0,1,17,17,28,28,13,15,-2,13,15
SD 150,1,1,0,0,0,0,150,0,0,0,0,400,145,255,25,15,0,1,16,16,27,27,13,16,-3,13,16
SD 155,1,1,0,0,0,0,155,0,0,0,0,400,145,255,25,15,0,1,16,16,27,27,13,16,-3,13,16
SD 160,1,1,0,0,0,0,160,0,0,0,0,400,135,265,26,16,0,1,17,17,28,28,13,14,-1,13,14
SD 165,1,1,0,0,0,0,165,0,0,0,0,400,135,265,26,16,0,1,17,17,28,28,13,14,-1,13,14
SD 170,1,1,0,0,0,0,170,0,0,0,0,400,140,260,26,16,0,1,17,17,28,28,14,14,0,14,14
SD 175,1,1,0,0,0,0,175,0,0,0,0,400,140,260,26,16,0,1,17,17,28,28,14,14,0,14,14
SD 180,1,1,0,0,0,0,180,0,0,0,0,400,135,265,26,16,0,1,17,17,28,28,14,13,1,14,13
SD 185,1,1,0,0,0,0,185,0,0,0,0,400,135,265,26,16,0,1,17,17,28,28,14,13,1,14,13
SD 190,1,1,0,0,0,0,190,0,0,0,0,400,135,265,26,16,0,1,17,17,28,28,14,13,1,14,13
SD 195,1,1,0,0,0,0,195,0,0,0,0,400,135,265,26,16,0,1,17,17,28,28,14,13,1,14,13
SD 200,1,1,0,0,0,0,200,0,0,0,0,400,125,275,27,17,0,1,18,18,29,29,12,13,-1,12,13
SD 205,1,1,0,0,0,0,205,0,0,0,0,400,125,275,27,17,0,1,18,18,29,29,12,13,-1,12,13
SD 210,1,1,0,0,0,0,210,0,0,0,0,400,120,280,28,17,0,1,18,18,29,29,11,13,-2,11,13
SD 215,1,1,0,0,0,0,215,0,0,0,0,400,120,280,28,17,0,1,18,18,29,29,11,13,-2,11,13
SD 220,1,1,31,0,31,0,1,31,0,0,0,400,110,290,29,17,0,1,18,18,29,29,9,13,-4,9,13
SD 225,1,1,31,0,31,0,6,31,0,0,0,400,110,290,29,17,0,1,18,18,29,29,9,13,-4,9,13
SD 230,1,1,31,0,31,0,11,31,0,0,0,400,120,280,28,17,0,1,18,18,29,29,10,14,-4,10,14
SD 235,1,1,31,0,31,0,16,31,0,0,0,400,120,280,28,17,0,1,18,18,29,29,10,14,-4,10,14
SD 240,1,1,31,0,31,0,21,31,0,0,0,400,115,285,28,17,0,1,18,18,29,29,9,14,-5,9,14
SD 245,1,1,31,0,31,0,26,31,0,0,0,400,115,285,28,17,0,1,18,18,29,29,9,14,-5,9,14
SD 250,1,1,31,0,31,0,31,31,0,0,0,400,125,275,27,17,0,1,18,18,29,29,11,14,-3,11,14
SD 255,1,1,31,0,31,0,36,31,0,0,0,400,125,275,27,17,0,1,18,18,29,29,11,14,-3,11,14
SD 260,1,1,31,0,31,0,41,31,0,0,0,400,140,260,26,16,0,1,17,17,28,28,12,16,-4,12,16
SD 265,1,1,31,0,31,0,46,31,0,0,0,400,140,260,26,16,0,1,17,17,28,28,12,16,-4,12,16
SD 270,1,1,31,0,31,0,51,31,0,0,0,400,170,230,23,14,0,1,15,15,26,26,15,19,-4,15,19
SD 275,1,1,31,0,31,0,56,31,0,0,0,400,170,230,23,14,0,1,15,15,26,26,15,19,-4,15,19
SD 280,1,1,31,0,31,0,61,31,0,0,0,400,185,215,21,13,0,1,14,14,25,25,18,19,-1,18,19
SD 285,1,1,31,0,31,0,66,31,0,0,0,400,185,215,21,13,0,1,14,14,25,25,18,19,-1,18,19
SD 290,1,1,31,0,31,0,71,31,0,0,0,400,200,200,20,12,0,1,13,13,24,24,19,21,-2,19,21
SD 295,1,1,31,0,31,0,76,31,0,0,0,400,200,200,20,12,0,1,13,13,24,24,19,21,-2,19,21
SD 300,1,1,31,0,31,0,81,31,0,0,0,400,200,200,20,12,0,1,13,13,24,24,20,20,0,20,20
SD 305,1,1,31,0,31,0,86,31,0,0,0,400,200,200,20,12,0,1,13,13,24,24,20,20,0,20,20
SD 310,1,1,31,0,31,0,91,31,0,0,0,400,195,205,20,12,0,1,13,13,24,24,18,21,-3,18,21
SD 315,1,1,31,0,31,0,96,31,0,0,0,400,195,205,20,12,0,1,13,13,24,24,18,21,-3,18,21
SD 320,1,1,31,0,31,0,101,31,0,0,0,400,200,200,20,12,0,1,13,13,24,24,19,21,-2,19,21
SD 325,1,1,31,0,31,0,106,31,0,0,0,400,200,200,20,12,0,1,13,13,24,24,19,21,-2,19,21
SD 330,1,1,31,0,31,0,111,31,0,0,0,400,200,200,20,12,0,1,13,13,24,24,18,22,-4,18,22
SD 335,1,1,31,0,31,0,116,31,0,0,0,400,200,200,20,12,0,1,13,13,24,24,18,22,-4,18,22
SD 340,1,1,31,0,31,0,121,31,0,0,0,400,210,190,19,12,0,1,13,13,24,24,19,23,-4,19,23
SD 345,1,1,31,0,31,0,126,31,0,0,0,400,210,190,19,12,0,1,13,13,24,24,19,23,-4,19,23
SD 350,1,1,31,0,31,0,131,31,0,0,0,400,215,185,18,11,0,1,12,12,23,23,20,23,-3,20,23
SD 355,1,1,31,0,31,0,136,31,0,0,0,400,215,185,18,11,0,1,12,12,23,23,20,23,-3,20,23
SD 360,1,1,31,0,31,0,141,31,0,0,0,400,225,175,17,11,0,1,12,12,23,23,21,24,-3,21,24
SD 365,1,1,31,0,31,0,146,31,0,0,0,400,225,175,17,11,0,1,12,12,23,23,21,24,-3,21,24
SD 370,1,1,31,0,31,0,151,31,0,0,0,400,240,160,16,10,0,1,11,11,22,22,22,26,-4,22,26
SD 375,1,1,31,0,31,0,156,31,0,0,0,400,240,160,16,10,0,1,11,11,22,22,22,26,-4,22,26
SD 380,1,1,31,0,31,0,161,31,0,0,0,400,235,165,16,10,0,1,11,11,22,22,23,24,-1,23,24
SD 385,1,1,31,0,31,0,166,31,0,0,0,400,235,165,16,10,0,1,11,11,22,22,23,24,-1,23,24
SD 390,1,1,31,0,31,0,171,31,0,0,0,400,250,150,15,9,0,1,10,10,21,21,23,27,-4,23,27
SD 395,1,1,31,0,31,0,176,31,0,0,0,400,250,150,15,9,0,1,10,10,21,21,23,27,-4,23,27
SD 400,1,1,31,0,31,0,181,31,0,0,0,400,250,150,15,9,0,1,10,10,21,21,24,26,-2,24,26
SD 405,1,1,31,0,31,0,186,31,0,0,0,400,250,150,15,9,0,1,10,10,21,21,24,26,-2,24,26
SD 410,1,1,31,0,31,0,191,31,0,0,0,400,255,145,14,9,0,1,10,10,21,21,24,27,-3,24,27
SD 415,1,1,31,0,31,0,196,31,0,0,0,400,255,145,14,9,0,1,10,10,21,21,24,27,-3,24,27
SD 420,1,1,31,0,31,0,201,31,0,0,0,400,255,145,14,9,0,1,10,10,21,21,24,27,-3,24,27
SD 425,1,1,31,0,31,0,206,31,0,0,0,400,255,145,14,9,0,1,10,10,21,21,24,27,-3,24,27
SD 430,1,1,31,0,31,0,211,31,0,0,0,400,255,145,14,9,0,1,10,10,21,21,24,27,-3,24,27
SD 435,1,1,31,0,31,0,216,31,0,0,0,400,255,145,14,9,0,1,10,10,21,21,24,27,-3,24,27
SD 440,1,1,31,0,31,0,221,31,0,0,0,400,255,145,14,9,0,1,10,10,21,21,25,26,-1,25,26
SD 445,1,1,31,0,31,0,226,31,0,0,0,400,255,145,14,9,0,1,10,10,21,21,25,26,-1,25,26
SD 450,1,1,31,0,31,0,231,31,0,0,0,400,260,140,14,9,0,1,10,10,21,21,24,28,-4,24,28
SD 455,1,1,31,0,31,0,236,31,0,0,0,400,260,140,14,9,0,1,10,10,21,21,24,28,-4,24,28
SD 460,1,1,31,0,31,0,241,31,0,0,0,400,245,155,15,10,0,1,11,11,22,22,23,26,-3,23,26
SD 465,1,1,31,0,31,0,246,31,0,0,0,400,245,155,15,10,0,1,11,11,22,22,23,26,-3,23,26
SD 470,1,1,31,0,31,0,251,31,0,0,0,400,260,140,14,9,0,1,10,10,21,21,24,28,-4,24,28
SD 475,1,1,31,0,31,0,256,31,0,0,0,400,260,140,14,9,0,1,10,10,21,21,24,28,-4,24,28
SD 480,1,1,31,0,31,0,261,31,0,0,0,400,255,145,14,9,0,1,10,10,21,21,24,27,-3,24,27
SD 485,1,1,31,0,31,0,266,31,0,0,0,400,255,145,14,9,0,1,10,10,21,21,24,27,-3,24,27
SD 490,1,1,31,0,31,0,271,31,0,0,0,400,265,135,13,8,0,1,9,9,20,20,25,28,-3,25,28
SD 495,1,1,31,0,31,0,276,31,0,0,0,400,265,135,13,8,0,1,9,9,20,20,25,28,-3,25,28
SD 500,1,1,31,0,31,0,281,31,0,0,0,400,255,145,14,9,0,1,10,10,21,21,24,27,-3,24,27
SD 505,1,1,31,0,31,0,286,31,0,0,0,400,255,145,14,9,0,1,10,10,21,21,24,27,-3,24,27
SD 510,1,1,31,0,31,0,291,31,0,0,0,400,260,140,14,9,0,1,10,10,21,21,25,27,-2,25,27
SD 515,1,1,31,0,31,0,296,31,0,0,0,400,260,140,14,9,0,1,10,10,21,21,25,27,-2,25,27
SD 520,1,1,31,0,31,0,301,31,0,0,0,400,250,150,15,9,0,1,10,10,21,21,24,26,-2,24,26
SD 525,1,1,31,0,31,0,306,31,0,0,0,400,250,150,15,9,0,1,10,10,21,21,24,26,-2,24,26
SD 530,1,1,31,0,31,0,311,31,0,0,0,400,260,140,14,9,0,1,10,10,21,21,25,27,-2,25,27
SD 535,1,1,31,0,31,0,316,31,0,0,0,400,260,140,14,9,0,1,10,10,21,21,25,27,-2,25,27
SD 540,1,1,31,0,31,0,321,31,0,0,0,400,250,150,15,9,0,1,10,10,21,21,24,26,-2,24,26
SD 545,1,1,31,0,31,0,326,31,0,0,0,400,250,150,15,9,0,1,10,10,21,21,24,26,-2,24,26
SD 550,1,1,31,0,31,0,331,31,0,0,0,400,255,145,15,9,0,1,10,10,21,21,25,26,-1,25,26
SD 555,1,1,31,0,31,0,336,31,0,0,0,400,255,145,15,9,0,1,10,10,21,21,25,26,-1,25,26
SD 560,1,1,31,0,31,0,341,31,0,0,0,400,255,145,15,9,0,1,10,10,21,21,25,26,-1,25,26
SD 565,1,1,31,0,31,0,346,31,0,0,0,400,255,145,15,9,0,1,10,10,21,21,25,26,-1,25,26
SD 570,1,1,31,0,31,0,351,31,0,0,0,400,255,145,15,9,0,1,10,10,21,21,25,26,-1,25,26
SD 575,1,1,31,0,31,0,356,31,0,0,0,400,255,145,15,9,0,1,10,10,21,21,25,26,-1,25,26
SD 580,1,1,31,0,31,0,361,31,0,0,0,400,260,140,14,9,0,1,10,10,21,21,25,27,-2,25,27
SD 585,1,1,31,0,31,0,366,31,0,0,0,400,260,140,14,9,0,1,10,10,21,21,25,27,-2,25,27
SD 590,1,1,31,0,31,0,371,31,0,0,0,400,250,150,15,9,0,1,10,10,21,21,24,26,-2,24,26
SD 595,1,1,31,0,31,0,376,31,0,0,0,400,250,150,15,9,0,1,10,10,21,21,24,26,-2,24,26
SD 600,1,1,31,0,31,0,381,31,0,0,0,400,260,140,14,9,0,1,10,10,21,21,25,27,-2,25,27
SDUMP_END
OK SDUMP
BNO tick=48832 run=0 y=1.482 yr=0.541 q0=0.00195 q1=0.00256 q2=1.00000 q3=-0.00250 who=0x85 addr=0x4A paddr=0x4A st=6 pwho=0xF8 sfa=0x00 sla=0x00 shc=0 ch=3 rid=0x08 len=17 txch=2 txlen=21 wfail=0 scl=1 sda=1 rst=1 int=1 iok=128 if=0 rx=186 txd=0
HB tick=48834 run=0 spd=2 ts=0.000 as=0.000 ta=0.000 aa=0.000 se=0.000 so=0.000 ae=0.000 ao=0.000 pwm=0 y=1.482 yr=0.541 L=0 R=0 OL=0 OR=0 el=0 er=0 ed=0 dl=0 dr=0 cl=0 cr=0 dz=10 dzl=11 dzr=11 dzt=1.000 sbf=2 sbo=0 sbv=36.000 siv=18.000 hdt=800 ok=127 fail=0 vofa=firewater rx=186 txdrop=0
HB tick=49192 run=0 spd=2 ts=0.000 as=0.000 ta=0.000 aa=0.000 se=0.000 so=0.000 ae=0.000 ao=0.000 pwm=0 y=1.475 yr=0.345 L=0 R=0 OL=0 OR=0 el=0 er=0 ed=0 dl=0 dr=0 cl=0 cr=0 dz=10 dzl=11 dzr=11 dzt=1.000 sbf=2 sbo=0 sbv=36.000 siv=18.000 hdt=800 ok=128 fail=0 vofa=firewater rx=186 txdrop=0
HB tick=49597 run=0 spd=2 ts=0.000 as=0.000 ta=0.000 aa=0.000 se=0.000 so=0.000 ae=0.000 ao=0.000 pwm=0 y=1.475 yr=0.224 L=0 R=0 OL=0 OR=0 el=0 er=0 ed=0 dl=0 dr=0 cl=0 cr=0 dz=10 dzl=11 dzr=11 dzt=1.000 sbf=2 sbo=0 sbv=36.000 siv=18.000 hdt=800 ok=129 fail=0 vofa=firewater rx=186 txdrop=0
HB tick=49813 run=0 spd=2 ts=0.000 as=0.000 ta=0.000 aa=0.000 se=0.000 so=0.000 ae=0.000 ao=0.000 pwm=0 y=1.475 yr=0.146 L=0 R=0 OL=0 OR=0 el=0 er=0 ed=0 dl=0 dr=0 cl=0 cr=0 dz=10 dzl=11 dzr=11 dzt=1.000 sbf=2 sbo=0 sbv=36.000 siv=18.000 hdt=800 ok=130 fail=0 vofa=firewater rx=186 txdrop=0
BNO tick=50225 run=0 y=1.482 yr=0.101 q0=0.00208 q1=0.00256 q2=1.00000 q3=-0.00220 who=0x85 addr=0x4A paddr=0x4A st=6 pwho=0xF8 sfa=0x00 sla=0x00 shc=0 ch=3 rid=0x08 len=17 txch=2 txlen=21 wfail=0 scl=1 sda=1 rst=1 int=0 iok=132 if=0 rx=186 txd=0
HB tick=50227 run=0 spd=2 ts=0.000 as=0.000 ta=0.000 aa=0.000 se=0.000 so=0.000 ae=0.000 ao=0.000 pwm=0 y=1.482 yr=0.101 L=0 R=0 OL=0 OR=0 el=0 er=0 ed=0 dl=0 dr=0 cl=0 cr=0 dz=10 dzl=11 dzr=11 dzt=1.000 sbf=2 sbo=0 sbv=36.000 siv=18.000 hdt=800 ok=131 fail=0 vofa=firewater rx=186 txdrop=0
HB tick=50627 run=0 spd=2 ts=0.000 as=0.000 ta=0.000 aa=0.000 se=0.000 so=0.000 ae=0.000 ao=0.000 pwm=0 y=1.482 yr=0.065 L=0 R=0 OL=0 OR=0 el=0 er=0 ed=0 dl=0 dr=0 cl=0 cr=0 dz=10 dzl=11 dzr=11 dzt=1.000 sbf=2 sbo=0 sbv=36.000 siv=18.000 hdt=800 ok=132 fail=0 vofa=firewater rx=186 txdrop=0
HB tick=51027 run=0 spd=2 ts=0.000 as=0.000 ta=0.000 aa=0.000 se=0.000 so=0.000 ae=0.000 ao=0.000 pwm=0 y=1.482 yr=0.043 L=0 R=0 OL=0 OR=0 el=0 er=0 ed=0 dl=0 dr=0 cl=0 cr=0 dz=10 dzl=11 dzr=11 dzt=1.000 sbf=2 sbo=0 sbv=36.000 siv=18.000 hdt=800 ok=133 fail=0 vofa=firewater rx=186 txdrop=0
BNO tick=51367 run=0 y=1.482 yr=0.028 q0=0.00201 q1=0.00256 q2=1.00000 q3=-0.00232 who=0x85 addr=0x4A paddr=0x4A st=6 pwho=0xF8 sfa=0x00 sla=0x00 shc=0 ch=3 rid=0x08 len=53 txch=2 txlen=21 wfail=0 scl=1 sda=1 rst=1 int=1 iok=135 if=0 rx=186 txd=0
HB tick=51368 run=0 spd=2 ts=0.000 as=0.000 ta=0.000 aa=0.000 se=0.000 so=0.000 ae=0.000 ao=0.000 pwm=0 y=1.482 yr=0.028 L=0 R=0 OL=0 OR=0 el=0 er=0 ed=0 dl=0 dr=0 cl=0 cr=0 dz=10 dzl=11 dzr=11 dzt=1.000 sbf=2 sbo=0 sbv=36.000 siv=18.000 hdt=800 ok=134 fail=0 vofa=firewater rx=186 txdrop=0
HB tick=51782 run=0 spd=2 ts=0.000 as=0.000 ta=0.000 aa=0.000 se=0.000 so=0.000 ae=0.000 ao=0.000 pwm=0 y=1.482 yr=0.018 L=0 R=0 OL=0 OR=0 el=0 er=0 ed=0 dl=0 dr=0 cl=0 cr=0 dz=10 dzl=11 dzr=11 dzt=1.000 sbf=2 sbo=0 sbv=36.000 siv=18.000 hdt=800 ok=135 fail=0 vofa=firewater rx=186 txdrop=0
