Opened COM18 @ 115200, wait 0.80s...
Pre-drain: lines=3 bytes=882

>>> #SDUMP!
RX: lines=139 bytes=14289 ok=True err=False
BNO tick=48141 run=0 y=-3.750 yr=-0.005 q0=0.00037 q1=-0.03290 q2=0.99939 q3=-0.01031 who=0x85 addr=0x4A paddr=0x4A st=6 pwho=0xF8 sfa=0x00 sla=0x00 shc=0 ch=3 rid=0x08 len=29 txch=2 txlen=21 wfail=0 scl=1 sda=1 rst=1 int=1 iok=138 if=0 rx=168 txd=0
HB tick=48142 run=0 spd=2 ts=0.000 as=0.000 ta=0.000 aa=0.000 se=0.000 so=0.000 ae=0.000 ao=0.000 pwm=0 y=-3.750 yr=-0.005 L=0 R=0 OL=0 OR=0 el=0 er=0 ed=0 dl=0 dr=0 cl=0 cr=0 dz=10 dzl=11 dzr=11 dzt=1.000 sbf=2 sbo=0 sbv=36.000 siv=18.000 hdt=800 ok=137 fail=0 vofa=firewater rx=168 txdrop=0
SDUMP_BEGIN
FIELDS:t_ms,run,imuValid,yaw100,yawRate100,icmYaw100,icmYawRate100,yawSampleAgeMs,targetYaw100,actualAngle100,yawErr100,yawOut100,speedTarget10,actualSpeed10,speedErr10,speedOut10,pwmCore,headingDiff,startupBiasOut,leftPWM,rightPWM,outLeftPWM,outRightPWM,el,er,ed,dl,dr
SD 10,1,1,0,0,0,0,10,0,0,0,0,400,0,400,40,24,0,2,26,26,37,37,0,0,0,0,0
SD 15,1,1,0,0,0,0,15,0,0,0,0,400,0,400,40,24,0,2,26,26,37,37,0,0,0,0,0
SD 20,1,1,0,0,0,0,20,0,0,0,0,400,30,370,37,22,0,2,24,24,35,35,3,3,0,3,3
SD 25,1,1,0,0,0,0,25,0,0,0,0,400,30,370,37,22,0,2,24,24,35,35,3,3,0,3,3
SD 30,1,1,0,0,0,0,30,0,0,0,0,400,120,280,28,17,0,1,18,18,29,29,11,13,-2,11,13
SD 35,1,1,0,0,0,0,35,0,0,0,0,400,120,280,28,17,0,1,18,18,29,29,11,13,-2,11,13
SD 40,1,1,0,0,0,0,40,0,0,0,0,400,150,250,25,15,0,1,16,16,27,27,15,15,0,15,15
SD 45,1,1,0,0,0,0,45,0,0,0,0,400,150,250,25,15,0,1,16,16,27,27,15,15,0,15,15
SD 50,1,1,0,0,0,0,50,0,0,0,0,400,160,240,24,14,0,1,15,15,26,26,17,15,2,17,15
SD 55,1,1,0,0,0,0,55,0,0,0,0,400,160,240,24,14,0,1,15,15,26,26,17,15,2,17,15
SD 60,1,1,0,0,0,0,60,0,0,0,0,400,170,230,23,14,0,1,15,15,26,26,19,15,4,19,15
SD 65,1,1,0,0,0,0,65,0,0,0,0,400,170,230,23,14,0,1,15,15,26,26,19,15,4,19,15
SD 70,1,1,0,0,0,0,70,0,0,0,0,400,170,230,23,14,0,1,15,15,26,26,19,15,4,19,15
SD 75,1,1,0,0,0,0,75,0,0,0,0,400,170,230,23,14,0,1,15,15,26,26,19,15,4,19,15
SD 80,1,1,0,0,0,0,80,0,0,0,0,400,185,215,21,13,0,1,14,14,25,25,20,17,3,20,17
SD 85,1,1,0,0,0,0,85,0,0,0,0,400,185,215,21,13,0,1,14,14,25,25,20,17,3,20,17
SD 90,1,1,0,0,0,0,90,0,0,0,0,400,175,225,22,14,0,1,15,15,26,26,19,16,3,19,16
SD 95,1,1,0,0,0,0,95,0,0,0,0,400,175,225,22,14,0,1,15,15,26,26,19,16,3,19,16
SD 100,1,1,0,0,0,0,100,0,0,0,0,400,190,210,21,13,0,1,14,14,25,25,20,18,2,20,18
SD 105,1,1,0,0,0,0,105,0,0,0,0,400,190,210,21,13,0,1,14,14,25,25,20,18,2,20,18
SD 110,1,1,0,0,0,0,110,0,0,0,0,400,190,210,21,13,0,1,14,14,25,25,20,18,2,20,18
SD 115,1,1,0,0,0,0,115,0,0,0,0,400,190,210,21,13,0,1,14,14,25,25,20,18,2,20,18
SD 120,1,1,0,0,0,0,120,0,0,0,0,400,200,200,20,12,0,1,13,13,24,24,20,20,0,20,20
SD 125,1,1,0,0,0,0,125,0,0,0,0,400,200,200,20,12,0,1,13,13,24,24,20,20,0,20,20
SD 130,1,1,0,0,0,0,130,0,0,0,0,400,205,195,19,12,0,1,13,13,24,24,20,21,-1,20,21
SD 135,1,1,0,0,0,0,135,0,0,0,0,400,205,195,19,12,0,1,13,13,24,24,20,21,-1,20,21
SD 140,1,1,0,0,0,0,140,0,0,0,0,400,215,185,18,11,0,1,12,12,23,23,21,22,-1,21,22
SD 145,1,1,0,0,0,0,145,0,0,0,0,400,215,185,18,11,0,1,12,12,23,23,21,22,-1,21,22
SD 150,1,1,0,0,0,0,150,0,0,0,0,400,210,190,19,11,0,1,12,12,23,23,20,22,-2,20,22
SD 155,1,1,0,0,0,0,155,0,0,0,0,400,210,190,19,11,0,1,12,12,23,23,20,22,-2,20,22
SD 160,1,1,0,0,0,0,160,0,0,0,0,400,215,185,18,11,0,1,12,12,23,23,20,23,-3,20,23
SD 165,1,1,0,0,0,0,165,0,0,0,0,400,215,185,18,11,0,1,12,12,23,23,20,23,-3,20,23
SD 170,1,1,0,0,0,0,170,0,0,0,0,400,215,185,18,11,0,1,12,12,23,23,19,24,-5,19,24
SD 175,1,1,0,0,0,0,175,0,0,0,0,400,215,185,18,11,0,1,12,12,23,23,19,24,-5,19,24
SD 180,1,1,0,0,0,0,180,0,0,0,0,400,215,185,18,11,0,1,12,12,23,23,18,25,-7,18,25
SD 185,1,1,0,0,0,0,185,0,0,0,0,400,215,185,18,11,0,1,12,12,23,23,18,25,-7,18,25
SD 190,1,1,0,0,0,0,190,0,0,0,0,400,220,180,18,11,0,1,12,12,23,23,19,25,-6,19,25
SD 195,1,1,0,0,0,0,195,0,0,0,0,400,220,180,18,11,0,1,12,12,23,23,19,25,-6,19,25
SD 200,1,1,0,0,0,0,200,0,0,0,0,400,225,175,17,11,0,1,12,12,23,23,20,25,-5,20,25
SD 205,1,1,0,0,0,0,205,0,0,0,0,400,225,175,17,11,0,1,12,12,23,23,20,25,-5,20,25
SD 210,1,1,0,0,0,0,210,0,0,0,0,400,230,170,17,10,0,1,11,11,22,22,20,26,-6,20,26
SD 215,1,1,0,0,0,0,215,0,0,0,0,400,230,170,17,10,0,1,11,11,22,22,20,26,-6,20,26
SD 220,1,1,0,0,0,0,220,0,0,0,0,400,235,165,16,10,0,1,11,11,22,22,20,27,-7,20,27
SD 225,1,1,0,0,0,0,225,0,0,0,0,400,235,165,16,10,0,1,11,11,22,22,20,27,-7,20,27
SD 230,1,1,0,0,0,0,230,0,0,0,0,400,240,160,16,10,0,1,11,11,22,22,21,27,-6,21,27
SD 235,1,1,0,0,0,0,235,0,0,0,0,400,240,160,16,10,0,1,11,11,22,22,21,27,-6,21,27
SD 240,1,1,0,0,0,0,240,0,0,0,0,400,240,160,16,10,0,1,11,11,22,22,21,27,-6,21,27
SD 245,1,1,0,0,0,0,245,0,0,0,0,400,240,160,16,10,0,1,11,11,22,22,21,27,-6,21,27
SD 250,1,1,0,0,0,0,250,0,0,0,0,400,250,150,15,9,0,1,10,10,21,21,22,28,-6,22,28
SD 255,1,1,0,0,0,0,255,0,0,0,0,400,250,150,15,9,0,1,10,10,21,21,22,28,-6,22,28
SD 260,1,1,0,0,0,0,260,0,0,0,0,400,250,150,15,9,0,1,10,10,21,21,22,28,-6,22,28
SD 265,1,1,0,0,0,0,265,0,0,0,0,400,250,150,15,9,0,1,10,10,21,21,22,28,-6,22,28
SD 270,1,1,0,0,0,0,270,0,0,0,0,400,245,155,15,10,0,1,11,11,22,22,22,27,-5,22,27
SD 275,1,1,0,0,0,0,275,0,0,0,0,400,245,155,15,10,0,1,11,11,22,22,22,27,-5,22,27
SD 280,1,1,0,0,0,0,280,0,0,0,0,400,250,150,15,9,0,1,10,10,21,21,22,28,-6,22,28
SD 285,1,1,0,0,0,0,285,0,0,0,0,400,250,150,15,9,0,1,10,10,21,21,22,28,-6,22,28
SD 290,1,1,0,0,0,0,290,0,0,0,0,400,250,150,15,9,0,1,10,10,21,21,22,28,-6,22,28
SD 295,1,1,0,0,0,0,4,0,0,0,0,400,250,150,15,9,0,1,10,10,21,21,22,28,-6,22,28
SD 300,1,1,0,0,0,0,9,0,0,0,0,400,255,145,14,9,0,1,10,10,21,21,23,28,-5,23,28
SD 305,1,1,0,0,0,0,14,0,0,0,0,400,255,145,14,9,0,1,10,10,21,21,23,28,-5,23,28
SD 310,1,1,0,0,0,0,19,0,0,0,0,400,255,145,14,9,0,1,10,10,21,21,23,28,-5,23,28
SD 315,1,1,0,0,0,0,24,0,0,0,0,400,255,145,14,9,0,1,10,10,21,21,23,28,-5,23,28
SD 320,1,1,0,0,0,0,29,0,0,0,0,400,250,150,15,9,0,1,10,10,21,21,23,27,-4,23,27
SD 325,1,1,0,0,0,0,34,0,0,0,0,400,250,150,15,9,0,1,10,10,21,21,23,27,-4,23,27
SD 330,1,1,0,0,0,0,39,0,0,0,0,400,255,145,14,9,0,1,10,10,21,21,23,28,-5,23,28
SD 335,1,1,0,0,0,0,44,0,0,0,0,400,255,145,14,9,0,1,10,10,21,21,23,28,-5,23,28
SD 340,1,1,0,0,0,0,49,0,0,0,0,400,255,145,15,9,0,1,10,10,21,21,24,27,-3,24,27
SD 345,1,1,0,0,0,0,54,0,0,0,0,400,255,145,15,9,0,1,10,10,21,21,24,27,-3,24,27
SD 350,1,1,0,0,0,0,59,0,0,0,0,400,255,145,15,9,0,1,10,10,21,21,23,28,-5,23,28
SD 355,1,1,0,0,0,0,64,0,0,0,0,400,255,145,15,9,0,1,10,10,21,21,23,28,-5,23,28
SD 360,1,1,0,0,0,0,69,0,0,0,0,400,255,145,15,9,0,1,10,10,21,21,24,27,-3,24,27
SD 365,1,1,0,0,0,0,74,0,0,0,0,400,255,145,15,9,0,1,10,10,21,21,24,27,-3,24,27
SD 370,1,1,0,0,0,0,79,0,0,0,0,400,260,140,14,9,0,1,10,10,21,21,24,28,-4,24,28
SD 375,1,1,0,0,0,0,84,0,0,0,0,400,260,140,14,9,0,1,10,10,21,21,24,28,-4,24,28
SD 380,1,1,0,0,0,0,89,0,0,0,0,400,255,145,15,9,0,1,10,10,21,21,23,28,-5,23,28
SD 385,1,1,0,0,0,0,94,0,0,0,0,400,255,145,15,9,0,1,10,10,21,21,23,28,-5,23,28
SD 390,1,1,0,0,0,0,99,0,0,0,0,400,260,140,14,9,0,1,10,10,21,21,24,28,-4,24,28
SD 395,1,1,0,0,0,0,104,0,0,0,0,400,260,140,14,9,0,1,10,10,21,21,24,28,-4,24,28
SD 400,1,1,0,0,0,0,109,0,0,0,0,400,255,145,15,9,0,1,10,10,21,21,24,27,-3,24,27
SD 405,1,1,0,0,0,0,114,0,0,0,0,400,255,145,15,9,0,1,10,10,21,21,24,27,-3,24,27
SD 410,1,1,0,0,0,0,119,0,0,0,0,400,265,135,14,8,0,1,9,9,20,20,24,29,-5,24,29
SD 415,1,1,0,0,0,0,124,0,0,0,0,400,265,135,14,8,0,1,9,9,20,20,24,29,-5,24,29
SD 420,1,1,0,0,0,0,129,0,0,0,0,400,260,140,14,9,0,1,10,10,21,21,25,27,-2,25,27
SD 425,1,1,0,0,0,0,134,0,0,0,0,400,260,140,14,9,0,1,10,10,21,21,25,27,-2,25,27
SD 430,1,1,0,0,0,0,139,0,0,0,0,400,260,140,14,9,0,1,10,10,21,21,24,28,-4,24,28
SD 435,1,1,0,0,0,0,144,0,0,0,0,400,260,140,14,9,0,1,10,10,21,21,24,28,-4,24,28
SD 440,1,1,0,0,0,0,149,0,0,0,0,400,260,140,14,9,0,1,10,10,21,21,24,28,-4,24,28
SD 445,1,1,0,0,0,0,154,0,0,0,0,400,260,140,14,9,0,1,10,10,21,21,24,28,-4,24,28
SD 450,1,1,0,0,0,0,159,0,0,0,0,400,265,135,14,9,0,1,10,10,21,21,25,28,-3,25,28
SD 455,1,1,0,0,0,0,164,0,0,0,0,400,265,135,14,9,0,1,10,10,21,21,25,28,-3,25,28
SD 460,1,1,0,0,0,0,169,0,0,0,0,400,265,135,14,9,0,1,10,10,21,21,24,29,-5,24,29
SD 465,1,1,0,0,0,0,174,0,0,0,0,400,265,135,14,9,0,1,10,10,21,21,24,29,-5,24,29
SD 470,1,1,0,0,0,0,179,0,0,0,0,400,265,135,14,9,0,1,10,10,21,21,24,29,-5,24,29
SD 475,1,1,0,0,0,0,184,0,0,0,0,400,265,135,14,9,0,1,10,10,21,21,24,29,-5,24,29
SD 480,1,1,0,0,0,0,189,0,0,0,0,400,275,125,13,8,0,0,8,8,19,19,25,30,-5,25,30
SD 485,1,1,0,0,0,0,194,0,0,0,0,400,275,125,13,8,0,0,8,8,19,19,25,30,-5,25,30
SD 490,1,1,0,0,0,0,199,0,0,0,0,400,265,135,14,9,0,1,10,10,21,21,24,29,-5,24,29
SD 495,1,1,0,0,0,0,204,0,0,0,0,400,265,135,14,9,0,1,10,10,21,21,24,29,-5,24,29
SD 500,1,1,0,0,0,0,209,0,0,0,0,400,260,140,14,9,0,1,10,10,21,21,24,28,-4,24,28
SD 505,1,1,0,0,0,0,214,0,0,0,0,400,260,140,14,9,0,1,10,10,21,21,24,28,-4,24,28
SD 510,1,1,0,0,0,0,219,0,0,0,0,400,265,135,14,9,0,1,10,10,21,21,24,29,-5,24,29
SD 515,1,1,0,0,0,0,224,0,0,0,0,400,265,135,14,9,0,1,10,10,21,21,24,29,-5,24,29
SD 520,1,1,0,0,0,0,229,0,0,0,0,400,265,135,14,9,0,1,10,10,21,21,25,28,-3,25,28
SD 525,1,1,0,0,0,0,234,0,0,0,0,400,265,135,14,9,0,1,10,10,21,21,25,28,-3,25,28
SD 530,1,1,0,0,0,0,239,0,0,0,0,400,265,135,14,9,0,1,10,10,21,21,24,29,-5,24,29
SD 535,1,1,0,0,0,0,244,0,0,0,0,400,265,135,14,9,0,1,10,10,21,21,24,29,-5,24,29
SD 540,1,1,0,0,0,0,249,0,0,0,0,400,265,135,14,9,0,1,10,10,21,21,25,28,-3,25,28
SD 545,1,1,0,0,0,0,254,0,0,0,0,400,265,135,14,9,0,1,10,10,21,21,25,28,-3,25,28
SD 550,1,1,0,0,0,0,259,0,0,0,0,400,270,130,13,8,0,1,9,9,20,20,25,29,-4,25,29
SD 555,1,1,0,0,0,0,264,0,0,0,0,400,270,130,13,8,0,1,9,9,20,20,25,29,-4,25,29
SD 560,1,1,0,0,0,0,269,0,0,0,0,400,260,140,14,9,0,1,10,10,21,21,24,28,-4,24,28
SD 565,1,1,0,0,0,0,274,0,0,0,0,400,260,140,14,9,0,1,10,10,21,21,24,28,-4,24,28
SD 570,1,1,0,0,0,0,279,0,0,0,0,400,265,135,14,9,0,1,10,10,21,21,25,28,-3,25,28
SD 575,1,1,0,0,0,0,284,0,0,0,0,400,265,135,14,9,0,1,10,10,21,21,25,28,-3,25,28
SD 580,1,1,0,0,0,0,289,0,0,0,0,400,265,135,14,9,0,1,10,10,21,21,25,28,-3,25,28
SD 585,1,1,0,0,0,0,294,0,0,0,0,400,265,135,14,9,0,1,10,10,21,21,25,28,-3,25,28
SD 590,1,1,0,0,0,0,299,0,0,0,0,400,270,130,13,8,0,1,9,9,20,20,25,29,-4,25,29
SD 595,1,1,0,0,0,0,304,0,0,0,0,400,270,130,13,8,0,1,9,9,20,20,25,29,-4,25,29
SD 600,1,1,0,0,0,0,309,0,0,0,0,400,255,145,15,9,0,1,10,10,21,21,24,27,-3,24,27
SDUMP_END
OK SDUMP
BNO tick=49545 run=0 y=-3.750 yr=-0.003 q0=0.00037 q1=-0.03290 q2=0.99939 q3=-0.01038 who=0x85 addr=0x4A paddr=0x4A st=6 pwho=0xF8 sfa=0x00 sla=0x00 shc=0 ch=3 rid=0x08 len=17 txch=2 txlen=21 wfail=0 scl=1 sda=1 rst=1 int=1 iok=139 if=0 rx=168 txd=0
HB tick=49546 run=0 spd=2 ts=0.000 as=0.000 ta=0.000 aa=0.000 se=0.000 so=0.000 ae=0.000 ao=0.000 pwm=0 y=-3.750 yr=-0.003 L=0 R=0 OL=0 OR=0 el=0 er=0 ed=0 dl=0 dr=0 cl=0 cr=0 dz=10 dzl=11 dzr=11 dzt=1.000 sbf=2 sbo=0 sbv=36.000 siv=18.000 hdt=800 ok=138 fail=0 vofa=firewater rx=168 txdrop=0
HB tick=49765 run=0 spd=2 ts=0.000 as=0.000 ta=0.000 aa=0.000 se=0.000 so=0.000 ae=0.000 ao=0.000 pwm=0 y=-3.750 yr=-0.002 L=0 R=0 OL=0 OR=0 el=0 er=0 ed=0 dl=0 dr=0 cl=0 cr=0 dz=10 dzl=11 dzr=11 dzt=1.000 sbf=2 sbo=0 sbv=36.000 siv=18.000 hdt=800 ok=139 fail=0 vofa=firewater rx=168 txdrop=0
HB tick=50097 run=0 spd=2 ts=0.000 as=0.000 ta=0.000 aa=0.000 se=0.000 so=0.000 ae=0.000 ao=0.000 pwm=0 y=-3.750 yr=-0.001 L=0 R=0 OL=0 OR=0 el=0 er=0 ed=0 dl=0 dr=0 cl=0 cr=0 dz=10 dzl=11 dzr=11 dzt=1.000 sbf=2 sbo=0 sbv=36.000 siv=18.000 hdt=800 ok=140 fail=0 vofa=firewater rx=168 txdrop=0
HB tick=50477 run=0 spd=2 ts=0.000 as=0.000 ta=0.000 aa=0.000 se=0.000 so=0.000 ae=0.000 ao=0.000 pwm=0 y=-3.750 yr=-0.001 L=0 R=0 OL=0 OR=0 el=0 er=0 ed=0 dl=0 dr=0 cl=0 cr=0 dz=10 dzl=11 dzr=11 dzt=1.000 sbf=2 sbo=0 sbv=36.000 siv=18.000 hdt=800 ok=141 fail=0 vofa=firewater rx=168 txdrop=0
BNO tick=50694 run=0 y=-3.750 yr=-0.001 q0=0.00037 q1=-0.03290 q2=0.99939 q3=-0.01031 who=0x85 addr=0x4A paddr=0x4A st=6 pwho=0xF8 sfa=0x00 sla=0x00 shc=0 ch=3 rid=0x08 len=17 txch=2 txlen=21 wfail=0 scl=1 sda=1 rst=1 int=0 iok=143 if=0 rx=168 txd=0
HB tick=50695 run=0 spd=2 ts=0.000 as=0.000 ta=0.000 aa=0.000 se=0.000 so=0.000 ae=0.000 ao=0.000 pwm=0 y=-3.750 yr=-0.001 L=0 R=0 OL=0 OR=0 el=0 er=0 ed=0 dl=0 dr=0 cl=0 cr=0 dz=10 dzl=11 dzr=11 dzt=1.000 sbf=2 sbo=0 sbv=36.000 siv=18.000 hdt=800 ok=142 fail=0 vofa=firewater rx=168 txdrop=0
HB tick=51027 run=0 spd=2 ts=0.000 as=0.000 ta=0.000 aa=0.000 se=0.000 so=0.000 ae=0.000 ao=0.000 pwm=0 y=-3.750 yr=-0.000 L=0 R=0 OL=0 OR=0 el=0 er=0 ed=0 dl=0 dr=0 cl=0 cr=0 dz=10 dzl=11 dzr=11 dzt=1.000 sbf=2 sbo=0 sbv=36.000 siv=18.000 hdt=800 ok=143 fail=0 vofa=firewater rx=168 txdrop=0
HB tick=51252 run=0 spd=2 ts=0.000 as=0.000 ta=0.000 aa=0.000 se=0.000 so=0.000 ae=0.000 ao=0.000 pwm=0 y=-3.750 yr=-0.000 L=0 R=0 OL=0 OR=0 el=0 er=0 ed=0 dl=0 dr=0 cl=0 cr=0 dz=10 dzl=11 dzr=11 dzt=1.000 sbf=2 sbo=0 sbv=36.000 siv=18.000 hdt=800 ok=144 fail=0 vofa=firewater rx=168 txdrop=0
HB tick=51539 run=0 spd=2 ts=0.000 as=0.000 ta=0.000 aa=0.000 se=0.000 so=0.000 ae=0.000 ao=0.000 pwm=0 y=-3.750 yr=-0.000 L=0 R=0 OL=0 OR=0 el=0 er=0 ed=0 dl=0 dr=0 cl=0 cr=0 dz=10 dzl=11 dzr=11 dzt=1.000 sbf=2 sbo=0 sbv=36.000 siv=18.000 hdt=800 ok=145 fail=0 vofa=firewater rx=168 txdrop=0
BNO tick=51950 run=0 y=-3.750 yr=-0.000 q0=0.00037 q1=-0.03290 q2=0.99939 q3=-0.01038 who=0x85 addr=0x4A paddr=0x4A st=6 pwho=0xF8 sfa=0x00 sla=0x00 shc=0 ch=3 rid=0x08 len=17 txch=2 txlen=21 wfail=0 scl=1 sda=1 rst=1 int=1 iok=147 if=0 rx=168 txd=0
HB tick=51951 run=0 spd=2 ts=0.000 as=0.000 ta=0.000 aa=0.000 se=0.000 so=0.000 ae=0.000 ao=0.000 pwm=0 y=-3.750 yr=-0.000 L=0 R=0 OL=0 OR=0 el=0 er=0 ed=0 dl=0 dr=0 cl=0 cr=0 dz=10 dzl=11 dzr=11 dzt=1.000 sbf=2 sbo=0 sbv=36.000 siv=18.000 hdt=800 ok=146 fail=0 vofa=firewater rx=168 txdrop=0
HB tick=52170 run=0 spd=2 ts=0.000 as=0.000 ta=0.000 aa=0.000 se=0.000 so=0.000 ae=0.000 ao=0.000 pwm=0 y=-3.750 yr=-0.000 L=0 R=0 OL=0 OR=0 el=0 er=0 ed=0 dl=0 dr=0 cl=0 cr=0 dz=10 dzl=11 dzr=11 dzt=1.000 sbf=2 sbo=0 sbv=36.000 siv=18.000 hdt=800 ok=147 fail=0 vofa=firewater rx=168 txdrop=0
HB tick=52501 run=0 spd=2 ts=0.000 as=0.000 ta=0.000 aa=0.000 se=0.000 so=0.000 ae=0.000 ao=0.000 pwm=0 y=-3.750 yr=-0.000 L=0 R=0 OL=0 OR=0 el=0 er=0 ed=0 dl=0 dr=0 cl=0 cr=0 dz=10 dzl=11 dzr=11 dzt=1.000 sbf=2 sbo=0 sbv=36.000 siv=18.000 hdt=800 ok=148 fail=0 vofa=firewater rx=168 txdrop=0
