Opened COM18 @ 115200, wait 0.80s...
Pre-drain: lines=4 bytes=1130

>>> #SDUMP!
RX: lines=138 bytes=14113 ok=True err=False
SDUMP_BEGIN
FIELDS:t_ms,run,imuValid,yaw100,yawRate100,icmYaw100,icmYawRate100,yawSampleAgeMs,targetYaw100,actualAngle100,yawErr100,yawOut100,speedTarget10,actualSpeed10,speedErr10,speedOut10,pwmCore,headingDiff,startupBiasOut,leftPWM,rightPWM,outLeftPWM,outRightPWM,el,er,ed,dl,dr
SD 10,1,1,0,0,0,0,10,0,0,0,0,400,0,400,40,24,0,2,26,26,37,37,0,0,0,0,0
SD 15,1,1,0,0,0,0,15,0,0,0,0,400,0,400,40,24,0,2,26,26,37,37,0,0,0,0,0
SD 20,1,1,0,0,0,0,20,0,0,0,0,400,20,380,38,23,0,2,25,25,36,36,2,2,0,2,2
SD 25,1,1,0,0,0,0,25,0,0,0,0,400,20,380,38,23,0,2,25,25,36,36,2,2,0,2,2
SD 30,1,1,0,0,0,0,30,0,0,0,0,400,120,280,28,17,0,1,18,18,29,29,12,12,0,12,12
SD 35,1,1,0,0,0,0,35,0,0,0,0,400,120,280,28,17,0,1,18,18,29,29,12,12,0,12,12
SD 40,1,1,0,0,0,0,40,0,0,0,0,400,175,225,22,14,0,1,15,15,26,26,17,18,-1,17,18
SD 45,1,1,0,0,0,0,45,0,0,0,0,400,175,225,22,14,0,1,15,15,26,26,17,18,-1,17,18
SD 50,1,1,0,0,0,0,50,0,0,0,0,400,195,205,20,12,0,1,13,13,24,24,20,19,1,20,19
SD 55,1,1,0,0,0,0,55,0,0,0,0,400,195,205,20,12,0,1,13,13,24,24,20,19,1,20,19
SD 60,1,1,0,0,0,0,60,0,0,0,0,400,190,210,21,13,0,1,14,14,25,25,20,18,2,20,18
SD 65,1,1,0,0,0,0,65,0,0,0,0,400,190,210,21,13,0,1,14,14,25,25,20,18,2,20,18
SD 70,1,1,0,0,0,0,70,0,0,0,0,400,195,205,20,12,0,1,13,13,24,24,20,19,1,20,19
SD 75,1,1,0,0,0,0,75,0,0,0,0,400,195,205,20,12,0,1,13,13,24,24,20,19,1,20,19
SD 80,1,1,0,0,0,0,80,0,0,0,0,400,190,210,21,13,0,1,14,14,25,25,20,18,2,20,18
SD 85,1,1,0,0,0,0,85,0,0,0,0,400,190,210,21,13,0,1,14,14,25,25,20,18,2,20,18
SD 90,1,1,0,0,0,0,90,0,0,0,0,400,180,220,22,13,0,1,14,14,25,25,19,17,2,19,17
SD 95,1,1,0,0,0,0,95,0,0,0,0,400,180,220,22,13,0,1,14,14,25,25,19,17,2,19,17
SD 100,1,1,0,0,0,0,100,0,0,0,0,400,185,215,21,13,0,1,14,14,25,25,19,18,1,19,18
SD 105,1,1,0,0,0,0,105,0,0,0,0,400,185,215,21,13,0,1,14,14,25,25,19,18,1,19,18
SD 110,1,1,0,0,0,0,110,0,0,0,0,400,190,210,21,13,0,1,14,14,25,25,19,19,0,19,19
SD 115,1,1,0,0,0,0,115,0,0,0,0,400,190,210,21,13,0,1,14,14,25,25,19,19,0,19,19
SD 120,1,1,0,0,0,0,120,0,0,0,0,400,185,215,21,13,0,1,14,14,25,25,19,18,1,19,18
SD 125,1,1,0,0,0,0,125,0,0,0,0,400,185,215,21,13,0,1,14,14,25,25,19,18,1,19,18
SD 130,1,1,0,0,0,0,130,0,0,0,0,400,200,200,20,12,0,1,13,13,24,24,20,20,0,20,20
SD 135,1,1,0,0,0,0,135,0,0,0,0,400,200,200,20,12,0,1,13,13,24,24,20,20,0,20,20
SD 140,1,1,0,0,0,0,140,0,0,0,0,400,200,200,20,12,0,1,13,13,24,24,20,20,0,20,20
SD 145,1,1,0,0,0,0,145,0,0,0,0,400,200,200,20,12,0,1,13,13,24,24,20,20,0,20,20
SD 150,1,1,0,0,0,0,150,0,0,0,0,400,215,185,18,11,0,1,12,12,23,23,22,21,1,22,21
SD 155,1,1,0,0,0,0,155,0,0,0,0,400,215,185,18,11,0,1,12,12,23,23,22,21,1,22,21
SD 160,1,1,0,0,0,0,160,0,0,0,0,400,215,185,18,11,0,1,12,12,23,23,21,22,-1,21,22
SD 165,1,1,0,0,0,0,165,0,0,0,0,400,215,185,18,11,0,1,12,12,23,23,21,22,-1,21,22
SD 170,1,1,0,0,0,0,170,0,0,0,0,400,230,170,17,10,0,1,11,11,22,22,23,23,0,23,23
SD 175,1,1,0,0,0,0,175,0,0,0,0,400,230,170,17,10,0,1,11,11,22,22,23,23,0,23,23
SD 180,1,1,0,0,0,0,180,0,0,0,0,400,235,165,16,10,0,1,11,11,22,22,24,23,1,24,23
SD 185,1,1,0,0,0,0,185,0,0,0,0,400,235,165,16,10,0,1,11,11,22,22,24,23,1,24,23
SD 190,1,1,0,0,0,0,190,0,0,0,0,400,230,170,17,10,0,1,11,11,22,22,23,23,0,23,23
SD 195,1,1,0,0,0,0,195,0,0,0,0,400,230,170,17,10,0,1,11,11,22,22,23,23,0,23,23
SD 200,1,1,0,0,0,0,200,0,0,0,0,400,235,165,16,10,0,1,11,11,22,22,24,23,1,24,23
SD 205,1,1,0,0,0,0,205,0,0,0,0,400,235,165,16,10,0,1,11,11,22,22,24,23,1,24,23
SD 210,1,1,0,0,0,0,210,0,0,0,0,400,245,155,15,10,0,1,11,11,22,22,25,24,1,25,24
SD 215,1,1,0,0,0,0,215,0,0,0,0,400,245,155,15,10,0,1,11,11,22,22,25,24,1,25,24
SD 220,1,1,0,0,0,0,220,0,0,0,0,400,245,155,15,10,0,1,11,11,22,22,24,25,-1,24,25
SD 225,1,1,0,0,0,0,225,0,0,0,0,400,245,155,15,10,0,1,11,11,22,22,24,25,-1,24,25
SD 230,1,1,0,0,0,0,230,0,0,0,0,400,245,155,15,10,0,1,11,11,22,22,25,24,1,25,24
SD 235,1,1,0,0,0,0,235,0,0,0,0,400,245,155,15,10,0,1,11,11,22,22,25,24,1,25,24
SD 240,1,1,0,0,0,0,240,0,0,0,0,400,250,150,15,9,0,1,10,10,21,21,25,25,0,25,25
SD 245,1,1,0,0,0,0,245,0,0,0,0,400,250,150,15,9,0,1,10,10,21,21,25,25,0,25,25
SD 250,1,1,0,0,0,0,250,0,0,0,0,400,250,150,15,9,0,1,10,10,21,21,25,25,0,25,25
SD 255,1,1,0,0,0,0,255,0,0,0,0,400,250,150,15,9,0,1,10,10,21,21,25,25,0,25,25
SD 260,1,1,0,0,0,0,260,0,0,0,0,400,250,150,15,9,0,1,10,10,21,21,25,25,0,25,25
SD 265,1,1,0,0,0,0,265,0,0,0,0,400,250,150,15,9,0,1,10,10,21,21,25,25,0,25,25
SD 270,1,1,0,0,0,0,270,0,0,0,0,400,255,145,15,9,0,1,10,10,21,21,26,25,1,26,25
SD 275,1,1,0,0,0,0,275,0,0,0,0,400,255,145,15,9,0,1,10,10,21,21,26,25,1,26,25
SD 280,1,1,0,0,0,0,280,0,0,0,0,400,250,150,15,9,0,1,10,10,21,21,25,25,0,25,25
SD 285,1,1,0,0,0,0,285,0,0,0,0,400,250,150,15,9,0,1,10,10,21,21,25,25,0,25,25
SD 290,1,1,0,0,0,0,290,0,0,0,0,400,250,150,15,9,0,1,10,10,21,21,25,25,0,25,25
SD 295,1,1,0,0,0,0,295,0,0,0,0,400,250,150,15,9,0,1,10,10,21,21,25,25,0,25,25
SD 300,1,1,0,0,0,0,300,0,0,0,0,400,255,145,15,9,0,1,10,10,21,21,26,25,1,26,25
SD 305,1,1,0,0,0,0,305,0,0,0,0,400,255,145,15,9,0,1,10,10,21,21,26,25,1,26,25
SD 310,1,1,0,0,0,0,310,0,0,0,0,400,255,145,15,9,0,1,10,10,21,21,26,25,1,26,25
SD 315,1,1,0,0,0,0,315,0,0,0,0,400,255,145,15,9,0,1,10,10,21,21,26,25,1,26,25
SD 320,1,1,0,0,0,0,320,0,0,0,0,400,255,145,15,9,0,1,10,10,21,21,26,25,1,26,25
SD 325,1,1,0,0,0,0,325,0,0,0,0,400,255,145,15,9,0,1,10,10,21,21,26,25,1,26,25
SD 330,1,1,0,0,0,0,330,0,0,0,0,400,260,140,14,9,0,1,10,10,21,21,27,25,2,27,25
SD 335,1,1,0,0,0,0,335,0,0,0,0,400,260,140,14,9,0,1,10,10,21,21,27,25,2,27,25
SD 340,1,1,0,0,0,0,340,0,0,0,0,400,255,145,15,9,0,1,10,10,21,21,26,25,1,26,25
SD 345,1,1,0,0,0,0,345,0,0,0,0,400,255,145,15,9,0,1,10,10,21,21,26,25,1,26,25
SD 350,1,1,0,0,0,0,350,0,0,0,0,400,260,140,14,9,0,1,10,10,21,21,27,25,2,27,25
SD 355,1,1,0,0,0,0,355,0,0,0,0,400,260,140,14,9,0,1,10,10,21,21,27,25,2,27,25
SD 360,1,1,0,0,0,0,360,0,0,0,0,400,265,135,14,8,0,1,9,9,20,20,27,26,1,27,26
SD 365,1,1,0,0,0,0,365,0,0,0,0,400,265,135,14,8,0,1,9,9,20,20,27,26,1,27,26
SD 370,1,1,0,0,0,0,370,0,0,0,0,400,260,140,14,9,0,1,10,10,21,21,26,26,0,26,26
SD 375,1,1,0,0,0,0,375,0,0,0,0,400,260,140,14,9,0,1,10,10,21,21,26,26,0,26,26
SD 380,1,1,0,0,0,0,380,0,0,0,0,400,260,140,14,9,0,1,10,10,21,21,27,25,2,27,25
SD 385,1,1,0,0,0,0,385,0,0,0,0,400,260,140,14,9,0,1,10,10,21,21,27,25,2,27,25
SD 390,1,1,0,0,0,0,390,0,0,0,0,400,265,135,14,9,0,1,10,10,21,21,27,26,1,27,26
SD 395,1,1,0,0,0,0,395,0,0,0,0,400,265,135,14,9,0,1,10,10,21,21,27,26,1,27,26
SD 400,1,1,0,0,0,0,400,0,0,0,0,400,260,140,14,9,0,1,10,10,21,21,26,26,0,26,26
SD 405,1,1,0,0,0,0,405,0,0,0,0,400,260,140,14,9,0,1,10,10,21,21,26,26,0,26,26
SD 410,1,1,0,0,0,0,410,0,0,0,0,400,260,140,14,9,0,1,10,10,21,21,26,26,0,26,26
SD 415,1,1,55,0,55,0,1,0,55,-55,-6,400,260,140,14,9,0,1,10,10,21,21,26,26,0,26,26
SD 420,1,1,55,0,55,0,6,0,55,-55,-6,400,270,130,13,8,0,1,9,9,20,20,27,27,0,27,27
SD 425,1,1,55,0,55,0,11,0,55,-55,-6,400,270,130,13,8,0,1,9,9,20,20,27,27,0,27,27
SD 430,1,1,55,0,55,0,16,0,55,-55,-6,400,260,140,14,9,0,1,10,10,21,21,26,26,0,26,26
SD 435,1,1,55,0,55,0,21,0,55,-55,-6,400,260,140,14,9,0,1,10,10,21,21,26,26,0,26,26
SD 440,1,1,55,0,55,0,26,0,55,-55,-6,400,260,140,14,9,0,1,10,10,21,21,26,26,0,26,26
SD 445,1,1,55,0,55,0,31,0,55,-55,-6,400,260,140,14,9,0,1,10,10,21,21,26,26,0,26,26
SD 450,1,1,55,0,55,0,36,0,55,-55,-6,400,265,135,14,9,0,1,10,10,21,21,26,27,-1,26,27
SD 455,1,1,55,0,55,0,41,0,55,-55,-6,400,265,135,14,9,0,1,10,10,21,21,26,27,-1,26,27
SD 460,1,1,55,0,55,0,46,0,55,-55,-6,400,260,140,14,9,0,1,10,10,21,21,26,26,0,26,26
SD 465,1,1,55,0,55,0,51,0,55,-55,-6,400,260,140,14,9,0,1,10,10,21,21,26,26,0,26,26
SD 470,1,1,55,0,55,0,56,0,55,-55,-6,400,270,130,13,8,0,1,9,9,20,20,27,27,0,27,27
SD 475,1,1,55,0,55,0,61,0,55,-55,-6,400,270,130,13,8,0,1,9,9,20,20,27,27,0,27,27
SD 480,1,1,55,0,55,0,66,0,55,-55,-6,400,260,140,14,9,0,1,10,10,21,21,27,25,2,27,25
SD 485,1,1,55,0,55,0,71,0,55,-55,-6,400,260,140,14,9,0,1,10,10,21,21,27,25,2,27,25
SD 490,1,1,55,0,55,0,76,0,55,-55,-6,400,265,135,14,9,0,1,10,10,21,21,26,27,-1,26,27
SD 495,1,1,55,0,55,0,81,0,55,-55,-6,400,265,135,14,9,0,1,10,10,21,21,26,27,-1,26,27
SD 500,1,1,55,0,55,0,86,0,55,-55,-6,400,260,140,14,9,0,1,10,10,21,21,26,26,0,26,26
SD 505,1,1,55,0,55,0,91,0,55,-55,-6,400,260,140,14,9,0,1,10,10,21,21,26,26,0,26,26
SD 510,1,1,55,0,55,0,96,0,55,-55,-6,400,265,135,14,9,0,1,10,10,21,21,27,26,1,27,26
SD 515,1,1,55,0,55,0,101,0,55,-55,-6,400,265,135,14,9,0,1,10,10,21,21,27,26,1,27,26
SD 520,1,1,55,0,55,0,106,0,55,-55,-6,400,265,135,14,9,0,1,10,10,21,21,27,26,1,27,26
SD 525,1,1,55,0,55,0,111,0,55,-55,-6,400,265,135,14,9,0,1,10,10,21,21,27,26,1,27,26
SD 530,1,1,55,0,55,0,116,0,55,-55,-6,400,265,135,14,9,0,1,10,10,21,21,27,26,1,27,26
SD 535,1,1,55,0,55,0,121,0,55,-55,-6,400,265,135,14,9,0,1,10,10,21,21,27,26,1,27,26
SD 540,1,1,55,0,55,0,126,0,55,-55,-6,400,265,135,14,9,0,1,10,10,21,21,27,26,1,27,26
SD 545,1,1,55,0,55,0,131,0,55,-55,-6,400,265,135,14,9,0,1,10,10,21,21,27,26,1,27,26
SD 550,1,1,55,0,55,0,136,0,55,-55,-6,400,270,130,13,8,0,1,9,9,20,20,27,27,0,27,27
SD 555,1,1,55,0,55,0,141,0,55,-55,-6,400,270,130,13,8,0,1,9,9,20,20,27,27,0,27,27
SD 560,1,1,55,0,55,0,146,0,55,-55,-6,400,260,140,14,9,0,1,10,10,21,21,26,26,0,26,26
SD 565,1,1,55,0,55,0,151,0,55,-55,-6,400,260,140,14,9,0,1,10,10,21,21,26,26,0,26,26
SD 570,1,1,55,0,55,0,156,0,55,-55,-6,400,265,135,14,9,0,1,10,10,21,21,27,26,1,27,26
SD 575,1,1,55,0,55,0,161,0,55,-55,-6,400,265,135,14,9,0,1,10,10,21,21,27,26,1,27,26
SD 580,1,1,55,0,55,0,166,0,55,-55,-6,400,260,140,15,9,0,1,10,10,21,21,26,26,0,26,26
SD 585,1,1,55,0,55,0,171,0,55,-55,-6,400,260,140,15,9,0,1,10,10,21,21,26,26,0,26,26
SD 590,1,1,55,0,55,0,176,0,55,-55,-6,400,270,130,14,8,0,1,9,9,20,20,27,27,0,27,27
SD 595,1,1,55,0,55,0,181,0,55,-55,-6,400,270,130,14,8,0,1,9,9,20,20,27,27,0,27,27
SD 600,1,1,55,0,55,0,186,0,55,-55,-6,400,260,140,15,9,0,1,10,10,21,21,26,26,0,26,26
SDUMP_END
OK SDUMP
BNO tick=194842 run=0 y=3.746 yr=0.189 q0=0.00122 q1=-0.05096 q2=-0.99866 q3=0.01111 who=0x85 addr=0x4A paddr=0x4A st=6 pwho=0xF8 sfa=0x00 sla=0x00 shc=0 ch=3 rid=0x08 len=17 txch=2 txlen=21 wfail=0 scl=1 sda=1 rst=1 int=1 iok=553 if=0 rx=354 txd=0
HB tick=194843 run=0 spd=2 ts=0.000 as=0.000 ta=0.000 aa=0.000 se=0.000 so=0.000 ae=0.000 ao=0.000 pwm=0 y=3.746 yr=0.189 L=0 R=0 OL=0 OR=0 el=0 er=0 ed=0 dl=0 dr=0 cl=0 cr=0 dz=10 dzl=11 dzr=11 dzt=1.000 sbf=2 sbo=0 sbv=36.000 siv=18.000 hdt=800 ok=552 fail=0 vofa=firewater rx=354 txdrop=0
HB tick=195176 run=0 spd=2 ts=0.000 as=0.000 ta=0.000 aa=0.000 se=0.000 so=0.000 ae=0.000 ao=0.000 pwm=0 y=3.738 yr=0.115 L=0 R=0 OL=0 OR=0 el=0 er=0 ed=0 dl=0 dr=0 cl=0 cr=0 dz=10 dzl=11 dzr=11 dzt=1.000 sbf=2 sbo=0 sbv=36.000 siv=18.000 hdt=800 ok=553 fail=0 vofa=firewater rx=354 txdrop=0
HB tick=195473 run=0 spd=2 ts=0.000 as=0.000 ta=0.000 aa=0.000 se=0.000 so=0.000 ae=0.000 ao=0.000 pwm=0 y=3.738 yr=0.075 L=0 R=0 OL=0 OR=0 el=0 er=0 ed=0 dl=0 dr=0 cl=0 cr=0 dz=10 dzl=11 dzr=11 dzt=1.000 sbf=2 sbo=0 sbv=36.000 siv=18.000 hdt=800 ok=554 fail=0 vofa=firewater rx=354 txdrop=0
BNO tick=195884 run=0 y=3.738 yr=0.049 q0=0.00055 q1=-0.05090 q2=-0.99866 q3=0.00989 who=0x85 addr=0x4A paddr=0x4A st=6 pwho=0xF8 sfa=0x00 sla=0x00 shc=0 ch=3 rid=0x08 len=17 txch=2 txlen=21 wfail=0 scl=1 sda=1 rst=1 int=1 iok=556 if=0 rx=354 txd=0
HB tick=195885 run=0 spd=2 ts=0.000 as=0.000 ta=0.000 aa=0.000 se=0.000 so=0.000 ae=0.000 ao=0.000 pwm=0 y=3.738 yr=0.049 L=0 R=0 OL=0 OR=0 el=0 er=0 ed=0 dl=0 dr=0 cl=0 cr=0 dz=10 dzl=11 dzr=11 dzt=1.000 sbf=2 sbo=0 sbv=36.000 siv=18.000 hdt=800 ok=555 fail=0 vofa=firewater rx=354 txdrop=0
HB tick=196104 run=0 spd=2 ts=0.000 as=0.000 ta=0.000 aa=0.000 se=0.000 so=0.000 ae=0.000 ao=0.000 pwm=0 y=3.738 yr=0.032 L=0 R=0 OL=0 OR=0 el=0 er=0 ed=0 dl=0 dr=0 cl=0 cr=0 dz=10 dzl=11 dzr=11 dzt=1.000 sbf=2 sbo=0 sbv=36.000 siv=18.000 hdt=800 ok=556 fail=0 vofa=firewater rx=354 txdrop=0
HB tick=196435 run=0 spd=2 ts=0.000 as=0.000 ta=0.000 aa=0.000 se=0.000 so=0.000 ae=0.000 ao=0.000 pwm=0 y=3.738 yr=0.021 L=0 R=0 OL=0 OR=0 el=0 er=0 ed=0 dl=0 dr=0 cl=0 cr=0 dz=10 dzl=11 dzr=11 dzt=1.000 sbf=2 sbo=0 sbv=36.000 siv=18.000 hdt=800 ok=557 fail=0 vofa=firewater rx=354 txdrop=0
HB tick=196815 run=0 spd=2 ts=0.000 as=0.000 ta=0.000 aa=0.000 se=0.000 so=0.000 ae=0.000 ao=0.000 pwm=0 y=3.738 yr=0.013 L=0 R=0 OL=0 OR=0 el=0 er=0 ed=0 dl=0 dr=0 cl=0 cr=0 dz=10 dzl=11 dzr=11 dzt=1.000 sbf=2 sbo=0 sbv=36.000 siv=18.000 hdt=800 ok=558 fail=0 vofa=firewater rx=354 txdrop=0
BNO tick=197032 run=0 y=3.738 yr=0.009 q0=0.00049 q1=-0.05090 q2=-0.99866 q3=0.00977 who=0x85 addr=0x4A paddr=0x4A st=6 pwho=0xF8 sfa=0x00 sla=0x00 shc=0 ch=3 rid=0x08 len=17 txch=2 txlen=21 wfail=0 scl=1 sda=1 rst=1 int=0 iok=560 if=0 rx=354 txd=0
HB tick=197034 run=0 spd=2 ts=0.000 as=0.000 ta=0.000 aa=0.000 se=0.000 so=0.000 ae=0.000 ao=0.000 pwm=0 y=3.738 yr=0.009 L=0 R=0 OL=0 OR=0 el=0 er=0 ed=0 dl=0 dr=0 cl=0 cr=0 dz=10 dzl=11 dzr=11 dzt=1.000 sbf=2 sbo=0 sbv=36.000 siv=18.000 hdt=800 ok=559 fail=0 vofa=firewater rx=354 txdrop=0
HB tick=197366 run=0 spd=2 ts=0.000 as=0.000 ta=0.000 aa=0.000 se=0.000 so=0.000 ae=0.000 ao=0.000 pwm=0 y=3.738 yr=0.006 L=0 R=0 OL=0 OR=0 el=0 er=0 ed=0 dl=0 dr=0 cl=0 cr=0 dz=10 dzl=11 dzr=11 dzt=1.000 sbf=2 sbo=0 sbv=36.000 siv=18.000 hdt=800 ok=560 fail=0 vofa=firewater rx=354 txdrop=0
HB tick=197677 run=0 spd=2 ts=0.000 as=0.000 ta=0.000 aa=0.000 se=0.000 so=0.000 ae=0.000 ao=0.000 pwm=0 y=3.738 yr=0.004 L=0 R=0 OL=0 OR=0 el=0 er=0 ed=0 dl=0 dr=0 cl=0 cr=0 dz=10 dzl=11 dzr=11 dzt=1.000 sbf=2 sbo=0 sbv=36.000 siv=18.000 hdt=800 ok=561 fail=0 vofa=firewater rx=354 txdrop=0
BNO tick=198088 run=0 y=3.738 yr=0.002 q0=0.00043 q1=-0.05090 q2=-0.99866 q3=0.00958 who=0x85 addr=0x4A paddr=0x4A st=6 pwho=0xF8 sfa=0x00 sla=0x00 shc=0 ch=3 rid=0x08 len=17 txch=2 txlen=21 wfail=0 scl=1 sda=1 rst=1 int=1 iok=563 if=0 rx=354 txd=0
HB tick=198089 run=0 spd=2 ts=0.000 as=0.000 ta=0.000 aa=0.000 se=0.000 so=0.000 ae=0.000 ao=0.000 pwm=0 y=3.738 yr=0.002 L=0 R=0 OL=0 OR=0 el=0 er=0 ed=0 dl=0 dr=0 cl=0 cr=0 dz=10 dzl=11 dzr=11 dzt=1.000 sbf=2 sbo=0 sbv=36.000 siv=18.000 hdt=800 ok=562 fail=0 vofa=firewater rx=354 txdrop=0
